3.006418	2.625977	1.563239	1.334239	1.112752	1.181997	1.431024	1.23626	1.371179	1.271377	1.145061	1.247307	1.07661	0.598383	0.985699	1.052575	1.242442	1.153357	0.79121	1.065382	1.079039	0.971455	0.881634	0.980519	0.917267	0.95796	1.037837	1.088868	1.04016	0.899671	0.817324	0.812642	1.056333	1.030886	0.872085	0.893755	1.022437	0.771159	0.977659	0.819661	0.638502	0.819951	0.729367	0.882723	0.856394	0.814471	0.919435	0.784208	0.501852	0.389482	0.300759	0.495355	0.714006	0.847243	0.652365	0.802285	0.399163	0.503937	0.577152	0.551389	0.516945	0.27768	0.375127	0.428412	0.515138	0.503451	0.301255	0.305709	0.43573	0.304226	0.555251	0.153101	0.355292	0.253053	0.49574	0.412943	0.468557	0.330653	0.480712	0.349834	0.135677	0.448753	0.210777	0.30584	0.142014	0.435667	0.496769	0.458474	0.193924	0.511937	0.382762	0.313487	0.500843	0.371293	0.376877	0.403204	0	0.21424	0.338337	0.371596	0.355214	0.280338	0.342241	0.353711	0.185275	0.337784	0.503363	0.289882	0.136232	0.46475	0.695754	0.496967	0.40534	0.452662	0.515861	0.269831	0.39428	0.410282	0.33261	0.378445	0.266449	0.705484	0	0	0	0	0	0	0	0	0	0	0	0	0	0	0	0	0	0	0	0	0.23186	0.374196	0.455549	0.5839	0.27353	0.478278	0.451798	0.135935	0.641285	0.6198	0.441871	0.585032	0.82242	0.814185	0.955457	0.594597	0.366454	0.506982	0.474768	0.66287	0.320713	0.462114	0.282419	0.236008	0.167178	0.545033	0.592241	0.516715	0.383695	0.244275	0.521486	0.471113	0.318648	0.485588	0.435428	0.316083	0.381428	0.617546	0.565483	0.432629	0.552609	0.554835	0.512513	0.552475	0.381386	0.155043	0.153979	0.242219	0	0.153941	0.380759	0.156243	0	0.31721	0.154266	0	0.245086	0.566704	0.427586	0.515834	0.648593	0.780204	0.625529	0.717945	0.553239	0.495917	0.374045	0.566273	0.484745	0.506999	0.671632	0.481426	0.314098	0.156053	0.244249	0.244362	0.244711	0.31848	0.434802	0.435804	0.527207	0.700307	1.294475	0.602753	0.629264	0.636281	0.35325	0.64105	0.501086	0.639205	0.4782	0.718198	0.672071	0.649177	0.886258	0.485698	0	0	0.242663	0.318371	0.565113	0.65063	0.724946	0.559607	0.79762	0.644216	0.866773	0.779703
2.625977	3.69742	2.70593	2.283774	1.93785	1.899873	2.136894	1.80656	1.826988	1.891701	1.731206	1.863966	1.783714	0.99625	1.493572	1.627222	1.913906	1.636879	1.45229	1.723561	1.530007	1.504793	1.443701	1.478958	1.293647	1.417685	1.531383	1.55972	1.666719	1.378002	1.2565	1.530598	1.706714	1.624981	1.133646	1.408486	1.622327	1.277891	1.496524	1.382601	1.440283	1.369351	1.244976	1.526744	1.45722	1.538275	1.658152	1.206092	0.794904	0.816109	0.661458	1.038079	1.215846	1.213412	1.145373	1.057377	0.632171	0.687171	0.669277	0.94692	0.594583	0.552607	0.529306	0.849219	0.595797	0.701202	0.687682	0.931213	0.664573	0.281885	0.634382	0.4078	0.314572	0.213946	0.377021	0.361806	0.512017	0.375154	0.821496	0.398012	0.452309	0.253621	0.293504	0.234535	0.609778	0.629933	0.363547	0.620618	0.434938	0.503716	0.708075	0.504957	0.570027	0.838237	0.626188	0.463228	0.338461	0.389972	0.389175	0.500109	0.721502	0.644054	0.384249	0.388428	0.239864	0.418815	0.151082	0.375523	0.459781	1.021157	1.204145	1.002486	0.868531	0.793994	0.661512	0.686662	0.698202	0.795422	0.4813	0.614671	0.574903	0.981103	0	0	0	0	0	0	0	0	0	0	0	0	0	0	0	0	0	0	0	0	0.122448	0.214447	0.665016	1.130927	0.52442	0.654919	0.372982	0.803942	1.339052	1.293187	0.737908	1.185404	1.140886	1.358281	1.288176	0.788278	0.544964	0.619721	0.953551	0.996991	0.658344	0.500854	0.226434	0.510605	0.395539	0.673017	0.504922	0.697431	0.483573	0.68965	0.656782	0.598647	0.6318	0.520358	0.563211	0.563087	0.522124	0.570627	0.781038	0.687621	0.736588	0.806467	0.608913	0.583383	0.297374	0.244898	0.156287	0.15563	0.244871	0.316773	0.426277	0.421935	0.24311	0.318457	0.318875	0.300192	0.615297	0.560084	0.823245	1.080988	1.298724	1.068417	1.112446	1.142245	1.082166	1.024881	0.782801	0.67981	0.775545	0.626993	1.08132	0.684437	0.568093	0.238493	0	0.312821	0.303319	0.510839	0.512813	0.550929	0.571143	0.494969	0.848831	0.648118	1.228573	0.920863	1.125091	0.937411	0.845021	0.80664	0.516981	0.636479	1.039759	1.139927	0.898928	0.316701	0.581217	0	0.36049	0.455457	0.458567	0.721477	0.740949	0.793351	1.126064	0.924052	0.746856	0.455241
1.563239	2.70593	3.542032	2.986321	2.685565	2.65381	2.281692	2.179635	1.60233	1.463295	1.520597	1.818355	1.858233	1.354977	1.965548	1.979832	1.742544	1.915453	2.078116	1.83562	1.776927	1.256087	1.435487	1.324021	1.160697	1.075561	1.320622	0.995418	1.047063	1.356983	1.812759	1.596673	1.20585	1.415251	1.751688	1.369141	1.293085	1.696826	1.368891	1.132934	0.956894	1.188167	1.091631	1.29242	1.362575	1.14029	1.27424	1.518388	1.341876	1.214609	1.070303	0.959589	0.960096	1.157501	1.206883	1.044792	1.055555	0.970161	0.93288	0.877531	0.77379	0.933838	0.92553	0.775897	0.968286	0.850412	0.63288	0.774584	0.602911	0.512367	0.694435	0.486891	0.406116	0.438206	0.51407	0.487197	0.704665	0.405809	0.586881	0.454552	0.595333	0.410891	0.347849	0.403683	0.389885	0.529313	0.495564	0.577888	0.358915	0.451447	0.559353	0.54282	0.486111	0.57954	0.676254	0.607095	0.486776	0.567033	0.328263	0.298024	0.475164	0.473995	0.370692	0.208006	0.421489	0.323458	0.360692	0.358121	0.43492	0.783108	0.888188	0.850678	0.853763	0.643473	0.894592	0.862484	0.811481	0.692541	0.745106	0.576137	0.709944	1.545564	0	0	0	0	0	0	0	0	0	0	0	0	0	0	0	0	0	0	0	0	0.40017	0.359083	0.733209	0.979526	0.424606	0.605113	0.435751	0.871585	0.621859	0.881475	0.912294	0.996715	0.838601	0.796569	0.908697	0.750007	0.710388	0.771147	0.706478	0.820224	0.700259	0.583952	0.604654	0.563279	0.549227	0.619586	0.483558	0.244333	0.52788	0.520569	0.459918	0.355413	0.404447	0.611389	0.490279	0.601338	0.603136	0.506674	0.559664	0.756281	0.611208	0.764839	0.440851	0	0.304093	0.245186	0.318607	0	0.380862	0.24373	0.308466	0.236346	0.436994	0.318968	0.380238	0	0.420595	0.521029	0.599739	1.002309	1.008567	0.929699	1.130949	0.990372	0.772127	0.734239	0.721712	0.547385	0.652382	0.649713	0.648156	0.592716	0.590136	0.633089	0.426617	0.430183	0.235643	0.579828	0.555017	0.535261	0.752882	0.624245	0.63627	0.753215	0.606611	1.069293	1.279353	1.035429	0.7862	0.890113	0.807839	0.779272	0.940049	0.674274	0.771887	0.621785	0.633942	0.547181	0.562688	0.575613	0.545062	0.413769	0.806029	0.924161	0.876396	0.744675	0.749927	0.229375
1.334239	2.283774	2.986321	3.54928	2.971349	2.743555	2.480416	2.208307	1.676059	1.498847	1.552173	1.874326	1.96985	1.521166	2.023327	1.942934	1.706895	1.898451	2.077928	1.871984	1.696301	1.276007	1.473855	1.439542	1.074674	1.075048	1.135762	0.989522	1.116443	1.400728	1.843691	1.548263	1.181347	1.468669	1.751565	1.481555	1.301423	1.688894	1.425944	1.182326	0.906186	1.170191	1.149348	1.21269	1.368677	1.14747	1.246155	1.575699	1.473733	1.270799	1.180698	1.092206	1.002958	1.248712	1.247758	1.196354	1.142975	1.127833	1.07413	0.922532	0.943026	0.948644	0.919274	0.909026	0.864895	0.820444	0.731428	0.735361	0.927563	0.555804	0.702088	0.660802	0.462426	0.43658	0.557496	0.667196	0.606629	0.57619	0.626533	0.40939	0.437673	0.492089	0.332573	0.518612	0.483253	0.468968	0.600789	0.536565	0.526776	0.657664	0.663112	0.533841	0.542361	0.62755	0.585271	0.567241	0.411526	0.368433	0.439231	0.337037	0.5373	0.482088	0.278402	0.335299	0.358099	0.427082	0.387368	0.302627	0.495613	0.805342	0.810701	0.7182	0.873952	0.836322	0.711085	0.756706	0.707416	0.838375	0.64871	0.691207	0.809458	1.495044	0	0	0	0	0	0	0	0	0	0	0	0	0	0	0	0	0	0	0	0	0.294225	0.533757	0.784942	0.836389	0.625141	0.696879	0.522345	0.875331	0.694039	0.779452	0.911232	0.855961	0.809205	0.68112	0.792708	0.861696	0.682661	0.677521	0.671002	0.659672	0.531991	0.759381	0.645639	0.74806	0.663416	0.532745	0.68509	0.582803	0.330991	0.491381	0.603	0.39559	0.556037	0.707068	0.743406	0.752531	0.408978	0.63678	0.410811	0.623597	0.570243	0.685201	0.545836	0.465593	0.306086	0.156305	0.381958	0.244878	0.318791	0.24487	0.423664	0.3085	0.381708	0.381517	0.243006	0.302599	0.503124	0.652394	0.716929	0.840542	0.925343	0.9146	1.175547	0.92594	0.774692	0.790413	0.842894	0.716415	0.863887	0.650703	0.67116	0.514254	0.466277	0.556972	0.516892	0.505457	0.651125	0.485368	0.595098	0.608462	0.665044	0.598365	0.789564	0.671189	0.993769	0.973829	1.242404	1.166637	0.825181	0.991166	0.693884	0.880043	0.917679	0.483261	0.85548	0.607893	0.594812	0.518326	0.429554	0.736481	0.613657	0.6233	0.884336	0.981027	1.145735	0.908114	0.698389	0.428261
1.112752	1.93785	2.685565	2.971349	3.746008	3.281256	2.386292	2.465666	1.678378	1.360397	1.580563	1.855041	2.113599	1.792836	2.333216	2.105548	1.582635	1.885598	2.278415	1.853142	1.789862	1.391306	1.470869	1.417107	1.154427	1.067304	1.132737	0.923211	0.890216	1.546727	2.058913	1.540883	1.070921	1.360679	2.093259	1.630406	1.046324	1.885408	1.459839	1.168945	0.948281	1.193868	1.187139	1.231993	1.282408	1.130201	0.927705	1.734046	1.834501	1.886841	1.830207	1.100059	0.96762	1.112463	1.256318	1.229129	1.393438	1.440493	1.42374	1.024035	1.198681	1.243843	1.167544	0.976158	1.138607	1.052988	0.935184	0.950093	0.961513	1.177611	0.985836	0.996524	0.687901	0.927615	0.777154	0.960029	0.926383	0.94561	0.772354	0.783215	0.75723	0.756393	0.583934	0.583918	0.531884	0.61663	0.789746	0.705614	0.80682	0.72968	0.817039	0.890043	0.722815	0.680347	0.855444	1.005816	0.96176	0.643037	0.601419	0.764412	0.451838	0.486307	0.611077	0.343424	0.481006	0.450816	0.618777	0.558555	0.440732	0.664901	0.65677	0.862283	1.150306	0.623248	0.931438	0.987153	0.945362	0.853307	1.001111	1.047472	0.900841	1.900148	0	0	0	0	0	0	0	0	0	0	0	0	0	0	0	0	0	0	0	0	0.462352	0.602293	0.602672	0.816505	0.701761	0.572849	0.623429	1.082692	0.467146	0.6603	1.200202	0.988851	0.568199	0.281163	0.430849	0.844328	0.734804	1.106194	0.619332	0.545465	0.822263	0.980665	1.038925	0.751292	0.877459	0.456815	0.609345	0.661541	0.517085	0.707592	0.502802	0.660289	0.430293	0.734094	0.92205	1.004784	0.770827	0.652561	0.615438	0.676356	0.73859	0.683017	0.731685	0.624018	0.542904	0.508452	0.625738	0.617179	0.475853	0.481955	0.368544	0.557383	0.477194	0.311568	0.509261	0.583437	0.420406	0.773833	0.572391	0.908318	0.808414	1.002788	1.037401	0.753463	0.585594	0.6259	0.89879	0.982248	0.883003	0.734136	0.276539	0.80605	0.895816	0.668984	0.644261	0.754887	0.73981	0.730143	0.49227	0.671627	0.740622	0.91192	0.77209	0.853922	0.823751	1.110737	1.313846	1.172539	1.191792	0.947429	1.193535	1.05351	1.024505	0.406034	0.626783	0.714709	1.066296	1.001478	0.973483	0.934852	0.834703	0.835091	1.083926	1.222407	0.94023	1.163158	0.98633	0.413746
1.181997	1.899873	2.65381	2.743555	3.281256	3.760271	2.874209	2.656589	1.775871	1.480461	1.656718	1.970871	2.276852	1.883691	2.43471	2.210319	1.696644	2.029435	2.363944	1.905593	1.95624	1.366597	1.525302	1.498227	1.234171	1.20102	1.201962	1.058564	0.897041	1.692038	2.186736	1.610171	1.09224	1.473511	2.183184	1.707462	1.186673	1.987274	1.439604	1.217977	0.875859	1.148946	1.323212	1.243093	1.412918	1.201085	1.105052	1.792547	2.03567	1.953351	1.911703	1.125805	1.056852	1.267898	1.300566	1.360293	1.532128	1.644457	1.598765	1.0832	1.383377	1.399352	1.278212	1.245282	1.169866	1.082698	1.060085	0.936796	1.155153	1.148979	0.942628	1.038922	0.79126	0.960679	0.875345	0.901529	0.969027	0.977109	0.829415	0.716269	0.831583	0.829943	0.818985	0.66808	0.708166	0.793751	0.893743	0.684159	0.923205	0.584212	0.851826	0.717042	0.937003	0.63851	0.926145	0.881728	1.0334	0.497744	0.642922	0.769802	0.527615	0.528795	0.451827	0.577128	0.626782	0.54588	0.640469	0.655097	0.674686	0.729707	0.881496	0.894282	1.184356	0.821926	1.08948	1.061349	1.126445	0.912848	1.077949	1.095793	1.036028	1.854755	0	0	0	0	0	0	0	0	0	0	0	0	0	0	0	0	0	0	0	0	0.453506	0.640101	0.735329	0.935004	0.876859	0.835308	0.670488	1.085847	0.404181	0.802261	1.418378	1.142334	0.660148	0.332012	0.491166	1.008662	0.960496	1.087071	0.58572	0.491554	0.808649	1.053173	1.078424	1.06225	0.952019	0.561316	0.61836	0.428543	0.660471	0.558652	0.614874	0.655183	0.491769	0.802107	0.883627	1.136862	0.837347	0.744698	0.591075	0.866931	0.757765	0.777103	0.581317	0.622344	0.602441	0.50361	0.37243	0.56525	0.470426	0.58845	0.426936	0.46943	0.510481	0.616166	0.673064	0.634182	0.542288	0.758659	0.479126	1.049592	0.914406	1.036215	1.165343	0.878154	0.577863	0.647832	1.14162	1.186798	1.093569	0.915203	0.544921	0.993147	0.905576	0.844946	0.744569	0.788663	0.805626	0.729903	0.801357	0.60401	0.731541	1.029171	0.893127	0.981294	0.665143	1.245709	1.217653	1.404806	1.338108	1.2407	1.299393	0.897927	0.990747	0.528284	0.815254	1.037474	0.974634	1.083066	1.018014	1.012328	1.013867	0.948029	1.064361	1.262312	1.000277	1.12977	0.845499	0.291297
1.431024	2.136894	2.281692	2.480416	2.386292	2.874209	3.897838	3.166041	2.555415	2.265658	2.201168	2.309102	2.335631	1.566552	2.125151	2.249664	2.171273	2.146479	1.995282	2.135078	1.965242	1.760814	1.742562	1.845542	1.554687	1.578296	1.702439	1.541135	1.63467	1.851169	1.805557	1.915424	1.760199	1.885043	1.820446	1.83934	1.894921	1.862727	1.771594	1.588157	1.392152	1.589152	1.60856	1.686019	1.822308	1.735617	1.804236	1.93537	1.521772	1.202435	1.209487	1.522824	1.701211	1.772565	1.760482	1.596872	1.194739	1.203369	1.164786	1.329638	1.099261	0.966296	1.283123	1.241028	1.11831	1.180498	1.007479	1.158877	1.026137	0.719011	0.98229	0.745994	0.487031	0.417369	0.511521	0.735889	0.87185	0.878366	1.010209	0.511419	0.343207	0.344041	0.616253	0.512954	0.757071	0.937089	0.788722	0.852391	0.757272	1.022231	0.973707	0.867079	0.8861	1.118211	1.103467	0.800513	0.513845	0.691919	0.497641	0.57713	1.004344	0.930196	0.347457	0.069508	0.557678	0.434989	0.410526	0.627112	0.720189	1.304415	1.403948	1.268517	1.257365	1.2182	1.138681	1.155615	1.02277	1.175629	0.84202	0.951875	0.992211	1.018744	0	0	0	0	0	0	0	0	0	0	0	0	0	0	0	0	0	0	0	0	0.113029	0.426272	1.033535	1.334409	0.92551	0.791312	0.675169	0.836552	1.073972	1.36108	1.131641	1.317198	1.283047	1.146245	1.291278	1.10168	0.85664	0.925114	0.965372	1.04817	0.944816	0.681518	0.524022	0.745861	0.648361	1.034029	0.839286	0.927442	0.606404	0.76174	0.68895	0.941062	0.766805	0.696401	0.69272	0.815703	0.822293	0.965486	1.090666	0.932961	1.073109	1.072192	0.868531	0.77497	0.614822	0.614614	0.511032	0.475643	0.616469	0.50004	0.606488	0.580422	0.588237	0.373169	0.150055	0.616326	0.582634	0.581681	1.096513	1.324896	1.402465	1.453609	1.474243	1.411026	1.132543	1.294395	0.993248	1.023384	0.807708	0.978147	1.083339	0.93879	0.693692	0.582901	0.540419	0.838525	0.21371	0.685825	0.797728	0.824329	0.864133	0.739816	1.206794	1.063322	1.238712	1.186684	1.2325	1.323168	1.320009	1.39915	0.762484	1.121657	1.291379	1.195414	1.164542	0.67026	0.547461	0.50081	0.579079	0.64915	0.743425	0.966123	1.150507	1.198717	1.295472	1.045073	0.811291	0.655022
1.23626	1.80656	2.179635	2.208307	2.465666	2.656589	3.166041	3.840602	2.97934	2.291794	2.254227	2.323478	2.368826	1.862258	2.360355	2.276468	2.041781	2.189658	2.392829	2.096175	2.171857	1.658497	1.854388	1.793169	1.551637	1.421456	1.452689	1.312929	1.290984	1.833591	2.219092	1.858981	1.431596	1.695294	2.119633	1.790903	1.556035	2.094554	1.677325	1.494895	1.097571	1.567431	1.514865	1.544706	1.769769	1.58172	1.451596	1.836876	1.795467	1.508903	1.400376	1.269037	1.326821	1.650808	1.679722	1.512434	1.408133	1.490502	1.399968	1.274995	1.240191	1.214158	1.30007	1.192837	1.274244	1.163576	1.043106	1.045659	1.04467	0.850318	0.901406	0.828122	0.661375	0.746716	0.770421	0.806485	0.796863	0.910862	0.713749	0.653065	0.685761	0.634994	0.729537	0.687858	0.621013	0.830236	0.766218	0.868952	0.964925	0.836588	0.889107	0.857828	0.970737	0.784988	0.976466	0.954067	0.592001	0.674485	0.610413	0.626733	0.627478	0.722459	0.519349	0.459222	0.508709	0.454204	0.370137	0.716864	0.612942	0.948197	1.173839	1.227368	1.476862	1.15978	1.112389	1.181485	1.076494	1.056083	1.016746	1.0515	0.967932	1.203134	0	0	0	0	0	0	0	0	0	0	0	0	0	0	0	0	0	0	0	0	0.361181	0.401937	0.858376	1.24246	0.992246	0.973642	0.742537	1.044391	0.817296	1.071493	1.362241	1.229169	0.84274	0.69419	0.931965	1.110796	0.909763	1.122647	0.819435	0.912819	0.92165	0.797001	0.83054	1.021702	0.961126	0.775368	0.894743	0.735367	0.712067	0.88551	0.730513	0.816198	0.659473	0.932086	0.971912	0.952741	0.81832	0.94871	0.917023	1.071566	1.090134	0.927068	0.930374	0.609076	0.710948	0.432797	0.520425	0.476052	0.656652	0.590433	0.609871	0.626838	0.477596	0.152132	0.60309	0.53122	0.565118	0.77445	0.95606	1.441088	1.421966	1.512232	1.505169	1.356077	0.954475	1.046239	1.222135	1.252462	1.055797	0.91308	0.955609	0.789842	0.849231	0.739243	0.722896	0.892279	0.775884	0.727108	0.795984	0.918822	0.946413	1.030685	1.01837	0.995471	1.11218	1.276617	1.323003	1.406518	1.413143	1.394106	1.268969	1.066496	1.266451	0.945109	0.926341	0.796865	0.606671	0.542562	0.721936	0.842258	0.762354	0.754833	1.094295	1.285831	1.156168	0.87239	0.893065	0.474073
1.371179	1.826988	1.60233	1.676059	1.678378	1.775871	2.555415	2.97934	4.091191	3.189712	2.558802	2.402721	2.228239	1.352776	1.826554	2.019685	2.193998	1.89111	1.615171	1.895075	1.831742	1.750244	1.713194	1.873958	1.683584	1.724559	1.777545	1.787503	1.849169	1.611522	1.384627	1.771841	1.833538	1.844218	1.41441	1.673696	1.809328	1.477827	1.604767	1.561589	1.727325	1.704181	1.570441	1.657606	1.723678	1.750844	1.831541	1.435026	1.077223	0.902762	0.986685	1.365291	1.732433	1.59814	1.64925	1.404648	1.190407	1.010985	1.069362	1.354894	0.980616	0.769186	1.14707	1.219715	1.073209	1.083696	0.847911	1.120859	0.815737	0.672393	0.79049	0.669321	0.675553	0.477062	0.61835	0.770393	0.667393	0.596983	0.884699	0.579877	0.605166	0.49059	0.535615	0.426269	0.795138	1.016118	0.781019	0.929836	0.758992	0.936536	1.024748	0.728302	1.109935	1.31825	0.957235	0.76282	0.429968	0.663841	0.731097	0.544622	1.013536	0.970954	0.434229	0.445048	0.326062	0.469791	0.621983	0.59309	0.631098	1.332293	1.367828	1.275116	1.265872	1.187904	1.165806	0.951927	0.947636	1.172709	0.726512	0.767218	0.879154	0.892471	0	0	0	0	0	0	0	0	0	0	0	0	0	0	0	0	0	0	0	0	0.208488	0.378928	0.886044	1.425891	0.655435	0.825468	0.546853	0.880764	1.39201	1.462682	1.084367	1.292085	1.394361	1.393099	1.39205	1.153808	0.815285	0.690486	1.256975	1.281104	0.908393	0.660141	0.414547	0.772024	0.710404	1.174135	1.002573	0.997966	0.660317	0.847396	1.023214	0.920451	1.063212	0.787844	0.728424	0.600352	0.737939	1.069398	1.218341	1.036136	1.109307	1.221553	0.974441	0.623314	0.630915	0.582527	0.483586	0.316546	0.429529	0.149829	0.624227	0.621162	0.547897	0.381194	0.50199	0.479587	0.899387	0.915165	1.253853	1.353328	1.502367	1.529507	1.438696	1.469307	1.417034	1.299329	1.045462	1.002829	0.918996	1.014796	1.37186	0.970769	0.688471	0.593783	0.499855	0.57886	0.52661	0.554907	0.727519	0.854559	0.754023	0.982926	1.185092	0.745829	1.449436	0.958728	1.039793	1.244869	1.136445	1.148909	0.922016	1.096452	1.348834	1.406482	1.139407	0.611423	0.527143	0.547822	0.486403	0.782218	0.546634	0.868519	1.154312	0.94165	1.247465	0.82609	0.901141	0.516626
1.271377	1.891701	1.463295	1.498847	1.360397	1.480461	2.265658	2.291794	3.189712	4.023425	3.284198	2.62605	2.222305	1.335124	1.72691	1.988094	2.208571	1.791677	1.566023	1.863909	1.701846	1.880156	1.710588	1.819273	1.77732	1.737168	1.880393	1.835739	1.847464	1.468371	1.319897	1.761607	1.822487	1.780168	1.334043	1.50034	1.764665	1.453515	1.547517	1.657952	1.715676	1.572	1.507273	1.666298	1.672834	1.730782	1.81044	1.201897	0.954919	0.761204	0.787251	1.328174	1.650096	1.652857	1.49535	1.159232	0.886667	0.833296	0.719541	1.171906	0.842732	0.765453	0.902875	1.029281	0.716406	0.927387	0.836385	0.87684	0.592821	0.557327	0.686134	0.428543	0.534833	0.477677	0.340098	0.463536	0.406396	0.488149	0.799213	0.37646	0.244839	0.421339	0.538019	0.452615	0.576878	0.852522	0.692153	0.773735	0.511485	0.831705	0.824684	0.559571	0.884241	1.026945	0.812509	0.545636	0.243685	0.481176	0.357122	0.336171	0.829007	0.714552	0.363296	0.256257	0.157559	0.435515	0.479449	0.433715	0.482354	1.190901	1.333433	1.240112	1.069337	0.960163	0.855149	0.778761	0.800574	0.945228	0.750288	0.525457	0.746431	0.700735	0	0	0	0	0	0	0	0	0	0	0	0	0	0	0	0	0	0	0	0	0	0.346889	0.69509	1.376844	0.550357	0.775752	0.455384	0.802939	1.491728	1.442266	0.708995	1.221201	1.376253	1.456934	1.485444	1.085007	0.776873	0.569103	1.256216	1.177014	0.802014	0.554722	0.366382	0.744888	0.606681	1.015114	0.874969	0.88573	0.594415	0.572725	0.775556	0.980349	0.681917	0.723751	0.506341	0.485725	0.615084	0.734805	1.069024	0.921813	0.970965	1.184492	0.687667	0.607335	0.608231	0.430837	0.595032	0.524682	0.381359	0.506922	0.399154	0.539003	0.477928	0.521277	0.365593	0.503894	0.782521	0.546517	1.060511	1.320137	1.449553	1.449425	1.382368	1.424966	1.399178	1.256139	0.830469	0.850006	0.557212	1.015664	1.274495	0.921895	0.714634	0.503836	0.466861	0.37431	0.409626	0.607369	0.76359	0.861825	0.720859	0.693397	0.934832	0.929974	1.310024	0.988299	0.949634	1.077014	0.769421	1.045861	0.657038	0.916765	1.223119	1.413886	1.04102	0.36536	0.510367	0.553873	0.448758	0.491468	0.410598	0.796657	0.846139	0.947683	1.070033	0.755748	0.556332	0.560444
1.145061	1.731206	1.520597	1.552173	1.580563	1.656718	2.201168	2.254227	2.558802	3.284198	3.991897	3.227104	2.390927	1.451096	1.931099	2.090643	2.217012	1.956061	1.759471	1.949697	1.938662	1.946613	1.797568	1.871873	1.722819	1.571888	1.824683	1.750954	1.782213	1.681616	1.553764	1.830935	1.769896	1.742639	1.492293	1.583933	1.788975	1.550496	1.694464	1.650522	1.700048	1.662418	1.53097	1.660375	1.797429	1.728233	1.776206	1.524192	1.122233	1.019329	1.008314	1.289442	1.62288	1.572937	1.564694	1.377418	1.056748	0.965927	0.833032	1.068649	0.853393	0.741127	0.885369	1.093826	0.933164	0.87743	0.747617	0.842752	0.748481	0.493804	0.634777	0.389549	0.53635	0.421362	0.621196	0.551651	0.634224	0.511483	0.637662	0.513595	0.346887	0.426517	0.513547	0.297524	0.699956	0.749497	0.686303	0.76895	0.517207	0.908976	0.858223	0.694502	0.893112	1.049348	0.921158	0.625719	0.245918	0.630087	0.430669	0.436283	0.801674	0.719757	0.271974	0.296007	0.47495	0.28423	0.413257	0.608914	0.399865	1.171722	1.34949	1.171714	1.12603	1.016672	1.036963	0.824589	0.838926	0.980777	0.801075	0.710066	0.886012	0.679216	0	0	0	0	0	0	0	0	0	0	0	0	0	0	0	0	0	0	0	0	0	0.264485	0.873779	1.272669	0.810128	0.694791	0.422536	0.906599	1.39147	1.296686	1.093019	1.175249	1.419586	1.419062	1.264348	1.116408	0.804166	0.829763	0.981824	1.025082	0.79838	0.641454	0.379674	0.807807	0.727187	0.963633	0.690074	0.753973	0.783856	0.68792	0.781397	0.867724	0.874162	0.803416	0.559502	0.668446	0.816775	0.711565	0.880067	1.002603	1.043009	1.136264	0.804567	0.37832	0.548517	0.475748	0.245003	0.316471	0.434538	0.508862	0.293614	0	0.239948	0.597467	0.510379	0.609602	0.539547	0.559407	1.078655	1.320722	1.549344	1.417183	1.455604	1.386137	1.104279	1.245138	0.879387	0.781548	0.827982	0.982992	1.161891	0.771903	0.599465	0.23116	0.56142	0.547352	0.40656	0.632352	0.696407	0.666037	0.853348	0.858386	0.999209	0.847622	1.242085	0.86103	0.969494	1.147804	1.058653	1.151021	0.808521	0.87538	1.26506	1.266574	0.956757	0.572389	0.371192	0.47165	0.29712	0.458423	0.618619	0.659485	0.80863	0.78882	0.993982	0.715091	0.618536	0.312292
1.247307	1.863966	1.818355	1.874326	1.855041	1.970871	2.309102	2.323478	2.402721	2.62605	3.227104	3.971293	3.094975	1.780916	2.236373	2.321248	2.393767	2.261926	2.104809	2.185322	2.017386	1.93517	1.95462	1.935153	1.69491	1.680856	1.92201	1.763065	1.736754	1.821634	1.773241	1.884644	1.785674	1.829205	1.75678	1.793204	1.86592	1.855888	1.842876	1.740991	1.560788	1.701895	1.559371	1.76907	1.838606	1.721923	1.732684	1.683352	1.221448	0.926965	0.99164	1.311059	1.558695	1.667521	1.691829	1.40939	1.011491	1.019798	1.102975	1.065997	0.927165	0.896641	1.047197	1.075183	0.898009	0.971864	0.860888	0.983211	0.886874	0.354767	0.74663	0.504872	0.528084	0.330545	0.551499	0.450543	0.687035	0.690807	0.804798	0.512967	0.491944	0.343911	0.462408	0.419325	0.618795	0.73167	0.634522	0.677945	0.556538	0.757249	0.702904	0.781558	0.806076	1.118465	0.73695	0.607207	0.663055	0.465411	0.414351	0.48898	0.880343	0.726117	0.48979	0.350307	0.530768	0.270681	0.384598	0.558405	0.690649	1.198249	1.381687	1.218446	1.198098	1.208936	1.109815	0.829362	0.808491	0.9097	0.87024	0.665558	0.919473	0.867941	0	0	0	0	0	0	0	0	0	0	0	0	0	0	0	0	0	0	0	0	0	0.295561	0.900635	1.270338	0.794749	0.94115	0.42458	0.810276	1.265661	1.350254	1.100402	1.273296	1.370065	1.361477	1.383304	1.113657	0.829637	0.916045	1.149052	1.110719	0.869533	0.566234	0.49025	0.67178	0.553691	0.915243	0.85458	0.866103	0.629147	0.855005	0.706204	0.712026	0.761857	0.717996	0.485107	0.68132	0.757818	0.828765	0.850071	0.94163	1.090385	1.129158	0.714355	0.715758	0.396075	0.152936	0.480986	0.471639	0.435732	0.474154	0.417339	0.610144	0.367713	0.432415	0.367095	0.598877	0.671731	0.526333	0.958715	1.470763	1.505903	1.44509	1.48844	1.46874	1.185473	1.103281	0.981663	0.969832	0.838904	0.975006	1.192138	0.838701	0.389368	0.29378	0.615653	0.491316	0.44884	0.561105	0.648296	0.7678	0.884784	0.891054	1.089001	0.957657	1.231611	0.94795	1.091042	1.189636	1.02014	1.182583	0.867979	0.885151	1.240279	1.201895	1.070933	0.395525	0.300395	0.508562	0.403154	0.537547	0.282251	0.651056	0.815608	1.013594	0.955075	0.788597	0.720595	0.414347
1.07661	1.783714	1.858233	1.96985	2.113599	2.276852	2.335631	2.368826	2.228239	2.222305	2.390927	3.094975	3.951033	2.48715	2.767408	2.744211	2.453397	2.308482	2.365034	2.265057	2.167296	1.848317	1.838759	1.868314	1.652967	1.635287	1.634688	1.554205	1.709166	1.929616	2.071872	2.009623	1.739919	1.912779	2.075726	1.875215	1.854382	1.963032	1.801768	1.690496	1.522984	1.67825	1.594492	1.671789	1.764128	1.72458	1.735914	1.863264	1.626203	1.406299	1.374582	1.502236	1.515462	1.58948	1.6266	1.608567	1.378638	1.386674	1.462273	1.283208	1.217726	1.260152	1.243904	1.236889	1.211751	1.164548	1.116866	1.131937	0.960823	0.933154	0.94669	0.861899	0.733902	0.776338	0.83995	1.009141	0.789475	0.966485	0.974705	0.770015	0.699329	0.667252	0.576861	0.668403	0.673077	1.00474	0.91417	0.930376	0.786519	0.968848	1.073579	0.919462	0.830037	0.981897	0.988471	0.961254	0.534395	0.759364	0.709434	0.670057	0.972006	0.72289	0.575625	0.491256	0.598482	0.422959	0.457501	0.725385	0.842096	1.218513	1.259794	1.210034	1.361183	1.189001	1.086499	1.146315	1.229023	1.186641	0.995986	1.061137	0.984417	1.15964	0	0	0	0	0	0	0	0	0	0	0	0	0	0	0	0	0	0	0	0	0.246082	0.220939	0.984979	1.24874	0.872012	0.898006	0.604277	0.970782	1.169365	1.269167	1.366157	1.379245	1.258609	1.075611	1.256487	1.19113	0.932806	1.066504	1.047429	1.049749	1.07766	0.782927	0.73291	0.943647	0.837186	0.925629	0.884006	0.886642	0.74153	0.840396	0.776818	0.730985	1.00837	0.947385	0.902074	0.72758	0.755172	0.932322	0.846136	0.984338	1.027092	1.074284	0.790603	0.705352	0.609443	0.46445	0.432736	0.432162	0.427539	0.405543	0.512832	0.605763	0.416232	0.433213	0.575815	0.441844	0.794241	0.743489	0.991122	1.28446	1.378909	1.436713	1.474628	1.347938	1.188715	1.072848	1.150066	0.975486	0.947233	1.095572	1.096889	1.015962	0.742952	0.690962	0.604398	0.803449	0.730011	0.713533	0.598686	0.868362	0.881883	1.063211	0.99967	0.960206	1.2633	1.167036	1.137159	1.374901	1.235033	1.27544	1.063616	1.164363	1.41282	1.203151	1.048131	0.663805	0.676973	0.884132	0.532274	0.867781	0.887244	0.87472	1.041904	1.154209	1.036825	0.982649	0.836665	0.600426
0.598383	0.99625	1.354977	1.521166	1.792836	1.883691	1.566552	1.862258	1.352776	1.335124	1.451096	1.780916	2.48715	3.118374	3.008975	2.455149	1.771739	1.801757	2.011052	1.64723	1.614571	1.397511	1.367521	1.387761	1.037629	1.065363	1.099562	0.898931	0.855492	1.387879	1.630942	1.249618	0.762005	1.157275	1.686471	1.228681	1.064115	1.390099	1.141722	0.992971	0.757788	1.0939	0.98732	1.002195	1.124123	0.794737	0.877974	1.318457	1.304715	1.223492	1.138819	0.884286	0.7742	0.924549	1.06937	1.034968	1.088615	1.148923	1.124986	0.772709	0.91112	0.920555	0.770086	0.754395	0.901474	0.957249	0.716739	0.614674	0.733037	0.644629	0.669301	0.669184	0.549273	0.496881	0.62875	0.671169	0.688508	0.642758	0.620423	0.439388	0.543185	0.538938	0.606706	0.363658	0.445039	0.494327	0.423759	0.438796	0.672072	0.49675	0.617783	0.38903	0.645451	0.481483	0.629304	0.594073	0.379548	0.304712	0.604634	0.322905	0.301273	0.216216	0.41165	0.560672	0.23707	0.230828	0.392624	0.39596	0.509475	0.507563	0.494511	0.527056	0.811486	0.711451	0.61178	0.733427	0.543166	0.451825	0.663121	0.554843	0.619337	0.801321	0	0	0	0	0	0	0	0	0	0	0	0	0	0	0	0	0	0	0	0	0	0.310044	0.468047	0.604588	0.541057	0.485339	0.504558	0.46805	0.432889	0.529288	0.81883	0.695578	0.474153	0.309071	0.465383	0.615294	0.543576	0.688103	0.468249	0.44025	0.438735	0.531629	0.498033	0.542072	0.632668	0.44972	0.458971	0.441183	0.679021	0.557357	0.600507	0.57428	0.5307	0.600848	0.527339	0.652191	0.465012	0.659982	0.362546	0.573264	0.682218	0.460851	0.696684	0.381998	0.318564	0.316832	0.153764	0.242832	0.154498	0.485618	0.318607	0.436865	0.317124	0.243036	0.380265	0.381908	0.317033	0.381878	0.636132	0.707773	0.732	0.862559	0.986091	0.747208	0.555764	0.586294	0.860099	0.920645	0.865804	0.371342	0.378003	0.475794	0.520307	0.52955	0.317819	0.603552	0.381017	0.485485	0.521658	0.567407	0.529214	0.471096	0.64581	0.608388	0.514002	0.620572	0.867884	0.739714	0.721577	0.77695	0.655839	0.500649	0.798767	0.478506	0.644586	0.418752	0.381794	0.380008	0.379686	0.427871	0.745023	0.51081	0.68046	0.668484	0.591089	0.370355	0.426283	0.315681
0.985699	1.493572	1.965548	2.023327	2.333216	2.43471	2.125151	2.360355	1.826554	1.72691	1.931099	2.236373	2.767408	3.008975	3.882088	3.308962	2.418639	2.399707	2.511326	2.145084	2.198797	1.749651	1.816003	1.809251	1.552974	1.484394	1.541958	1.324223	1.422053	1.876919	2.223937	1.888064	1.44844	1.740653	2.226043	1.9419	1.530801	2.055848	1.745768	1.504617	1.190934	1.607499	1.604037	1.594169	1.607916	1.496723	1.362783	1.934586	1.895913	1.741137	1.783904	1.446441	1.236996	1.394904	1.497836	1.494331	1.582881	1.669443	1.645405	1.310846	1.294038	1.47239	1.411883	1.372083	1.356831	1.194426	1.174507	1.074272	1.195155	1.213381	1.037135	0.943443	0.975612	0.812666	1.032444	0.986467	0.972314	1.042029	0.948836	0.827481	0.874213	0.778201	0.850615	0.805943	0.778155	0.993335	0.930865	0.946607	1.01339	1.028007	1.054004	0.980441	1.024412	0.891199	1.068206	0.989038	0.941104	0.801121	0.715822	0.785469	0.801706	0.745707	0.859366	0.642365	0.575971	0.651354	0.628125	0.732764	0.877713	0.873636	1.124612	1.220667	1.387504	1.133324	1.186131	1.27038	1.331191	1.183608	1.051268	1.192379	1.075425	1.452384	0	0	0	0	0	0	0	0	0	0	0	0	0	0	0	0	0	0	0	0	0.298417	0.457658	0.893946	1.211502	0.887611	0.901099	0.51315	1.015791	0.880673	1.015583	1.535808	1.258372	1.138978	0.728024	0.961969	1.204087	1.140188	1.160771	0.798958	0.915804	1.019412	0.896006	1.045872	0.986397	1.019563	0.902937	0.819567	0.819252	0.828576	0.899042	0.792256	0.856312	0.617646	0.959792	1.039222	0.948037	0.816287	0.963679	0.885907	0.926919	0.964914	0.880211	0.846406	0.76131	0.722617	0.664009	0.426853	0.551281	0.510138	0.42255	0.639205	0.681632	0.541063	0.618464	0.654879	0.576275	0.679522	0.813351	0.822358	1.065515	1.207763	1.32656	1.413499	1.215046	0.865898	0.993577	1.272562	1.226217	1.146188	1.066294	0.793959	0.960903	0.806605	0.808867	0.742127	0.659796	0.575009	0.886751	0.937093	0.934666	0.872945	1.102698	1.043628	0.968472	0.84457	1.085813	1.195967	1.356653	1.402216	1.301337	1.338316	1.125639	1.367717	0.890731	0.871925	0.934257	0.729809	0.839312	0.789493	0.909494	0.910534	0.822689	1.005905	1.189781	1.039473	1.097472	0.885473	0.731417
1.052575	1.627222	1.979832	1.942934	2.105548	2.210319	2.249664	2.276468	2.019685	1.988094	2.090643	2.321248	2.744211	2.455149	3.308962	3.948168	3.196455	2.528826	2.458491	2.332951	2.149471	1.917645	1.856338	1.865771	1.70902	1.648997	1.747144	1.552165	1.62087	1.962125	2.064436	1.989937	1.738479	1.925807	2.066251	1.893728	1.856138	1.984009	1.812037	1.639548	1.519378	1.71611	1.62399	1.688972	1.785284	1.696093	1.693196	1.848416	1.696213	1.390578	1.444627	1.567951	1.552794	1.623937	1.64516	1.606623	1.416176	1.401302	1.411253	1.439217	1.263864	1.215831	1.369649	1.291405	1.185571	1.241793	0.988553	1.148473	0.950375	0.857473	0.982539	0.967744	0.884105	0.802925	0.838976	0.787253	0.923152	0.912815	1.007239	0.873469	0.788776	0.699409	0.772677	0.81994	0.815135	0.946376	0.904128	0.879215	0.960656	1.038874	1.041785	0.886715	1.003515	1.116244	1.058921	1.001809	0.678693	0.800213	0.654902	0.619617	0.848864	0.910126	0.631705	0.459245	0.513364	0.579823	0.363762	0.713323	0.769947	1.217565	1.268523	1.266328	1.381037	1.254879	1.163704	1.13038	1.187703	1.171193	1.157965	0.967911	1.078509	1.140243	0	0	0	0	0	0	0	0	0	0	0	0	0	0	0	0	0	0	0	0	0.146347	0.452347	0.866005	1.253619	0.897454	0.994877	0.60569	0.980287	1.121134	1.111638	1.247547	1.336137	1.300059	1.225661	1.148137	1.249313	0.905269	1.086854	1.168211	0.934804	1.021995	0.768196	0.794409	0.896752	0.836391	0.938743	0.970809	0.967986	0.843588	1.017202	0.872279	0.895439	0.866209	0.971246	0.853042	0.931734	0.784062	0.958784	0.849525	0.939031	0.959719	1.029398	0.723344	0.596965	0.613078	0.41721	0.425434	0.469221	0.376597	0.465343	0.595785	0.486205	0.584616	0.422825	0.561969	0.563857	0.68496	0.611008	1.044758	1.243962	1.393251	1.458798	1.37659	1.384374	1.146681	1.25806	1.225232	1.052384	0.806712	0.991586	1.119062	0.891677	0.789546	0.224709	0.629386	0.671962	0.46975	0.761346	0.827077	0.872024	0.897023	0.803432	1.077218	0.917434	1.284394	1.19442	1.171898	1.312794	1.12744	1.226736	1.155235	1.12252	1.486857	1.151899	1.037235	0.743403	0.540085	0.543764	0.485575	0.671424	0.947901	0.943429	1.033055	1.255269	1.180055	1.0001	0.657226	0.485579
1.242442	1.913906	1.742544	1.706895	1.582635	1.696644	2.171273	2.041781	2.193998	2.208571	2.217012	2.393767	2.453397	1.771739	2.418639	3.196455	4.036219	3.199481	2.37669	2.444016	2.32262	2.279382	2.131048	2.118036	1.975828	1.936299	2.055827	1.935829	2.02254	1.980109	1.783659	2.062007	1.983	2.056275	1.753972	1.926087	2.062647	1.79861	1.896836	1.807288	1.765588	1.823243	1.64926	1.858043	1.944816	1.979701	1.867535	1.701344	1.323659	1.079132	1.085127	1.468598	1.794718	1.813374	1.818045	1.497082	1.291084	1.176257	1.207662	1.257643	0.905791	1.049698	1.135961	1.173242	1.022461	1.143711	1.023527	1.024	0.879265	0.57595	0.749465	0.77682	0.633232	0.506108	0.558221	0.763458	0.86246	0.719604	0.999195	0.702313	0.48472	0.694086	0.577888	0.513493	0.694113	1.010561	0.795024	0.980247	0.723337	1.020561	1.037955	0.907757	1.074518	1.164359	1.132335	0.699448	0.544403	0.760126	0.595445	0.557889	0.956202	0.837061	0.439939	0.45747	0.466296	0.329535	0.412085	0.523274	0.682178	1.352793	1.484078	1.401726	1.338799	1.260493	1.181129	1.047773	0.98128	1.104887	0.967977	0.826859	0.994603	1.045189	0	0	0	0	0	0	0	0	0	0	0	0	0	0	0	0	0	0	0	0	0	0.44232	1.319264	1.986426	1.520146	1.158479	1.444936	1.492754	1.520221	1.531075	1.193451	1.382158	1.547286	1.464722	1.533192	1.184775	1.001706	1.049026	1.322566	1.299842	0.959717	0.476783	0.39618	0.821371	0.6486	1.137872	0.891703	0.974545	0.584962	0.92201	0.891152	0.898048	0.865802	0.791777	0.869694	0.606445	0.571055	1.000086	1.081255	1.015757	1.088984	1.087229	1.006122	0.713392	0.432916	0.425918	0.426053	0.155273	0.378798	0.554013	0.573297	0.64454	0.430481	0.377271	0.54353	0.472146	0.724405	0.722214	1.032393	1.493435	1.583626	1.583447	1.543934	1.555457	1.345691	1.309782	0.993762	0.901881	1.002069	1.138009	1.259094	0.69391	0.65196	0.585839	0.535624	0.457659	0.516298	0.703337	0.714112	0.826705	0.797871	1.027493	1.090631	0.921312	1.381718	1.023853	1.17364	1.215218	1.118471	1.095235	0.789441	1.063571	2.185373	1.431265	1.000659	0.515767	0.359977	0.152911	0.424503	0.580219	0.610395	0.874029	0.877172	1.05936	1.164131	0.947519	0.783096	0.374582
1.153357	1.636879	1.915453	1.898451	1.885598	2.029435	2.146479	2.189658	1.89111	1.791677	1.956061	2.261926	2.308482	1.801757	2.399707	2.528826	3.199481	3.837873	3.116192	2.748818	2.571559	2.203613	2.179253	2.181175	1.893656	1.784086	1.802543	1.626871	1.681464	2.013855	2.201039	2.052112	1.744392	1.958665	2.116648	1.929559	1.900377	2.089095	1.840044	1.666073	1.503222	1.698873	1.635226	1.698315	1.892495	1.767268	1.650722	1.800909	1.592542	1.277449	1.294645	1.382861	1.412095	1.676106	1.727625	1.552832	1.292467	1.334509	1.242835	1.093191	1.078964	1.113208	1.268959	1.175416	1.197637	1.119225	1.022111	0.933084	0.90902	0.761813	0.84703	0.756205	0.615738	0.789015	0.65175	0.719676	0.847893	0.734691	0.633646	0.614196	0.614312	0.669141	0.733931	0.640924	0.827987	0.912513	0.795017	0.774013	0.782463	0.763149	0.961737	0.939019	0.88493	1.00587	0.836911	0.846996	0.553348	0.558216	0.444251	0.604176	0.666503	0.767994	0.517018	0.638564	0.375841	0.490624	0.305986	0.591476	0.731064	1.205226	1.296131	1.261612	1.323871	1.142795	1.13159	1.152827	1.086455	1.074941	0.916798	0.725973	0.9504	1.029831	0	0	0	0	0	0	0	0	0	0	0	0	0	0	0	0	0	0	0	0	0.132329	0.632572	1.270682	1.673953	1.258813	1.252798	1.085796	1.500174	1.106495	1.255953	1.205028	1.250935	1.27055	1.050174	1.167308	1.113008	0.892887	1.044196	1.034565	0.999203	0.891209	0.62398	0.438668	0.921081	0.847543	0.769144	0.809517	0.744756	0.681549	0.834853	0.720597	0.830815	0.978663	1.017523	0.637654	0.727928	0.734714	0.7944	0.818109	0.885064	0.96695	0.849795	0.678518	0.404878	0.53938	0.422254	0.380328	0.374739	0.422588	0.512449	0.497308	0.232635	0.372128	0.432951	0.152843	0.460163	0.741283	0.584442	0.772926	1.316881	1.378845	1.466334	1.420223	1.391012	1.193008	1.052442	1.00331	1.055703	0.912028	0.829794	1.032205	0.82561	0.534483	0.482715	0.544351	0.460512	0.51992	0.659039	0.491531	0.698187	0.627278	0.777563	0.881967	0.822352	1.026834	1.08156	1.098664	1.069498	1.310513	1.151531	1.062974	0.876189	2.340772	1.162763	0.944457	0.671902	0.359421	0.61371	0.256908	0.579998	0.476824	0.630047	0.52108	0.871391	0.97209	0.654128	0.458919	0.308389
0.79121	1.45229	2.078116	2.077928	2.278415	2.363944	1.995282	2.392829	1.615171	1.566023	1.759471	2.104809	2.365034	2.011052	2.511326	2.458491	2.37669	3.116192	3.847903	3.122054	2.746201	2.112129	2.266757	2.106133	1.773971	1.627162	1.730519	1.417848	1.324632	2.164313	2.465104	2.070444	1.468551	1.806475	2.427952	1.971108	1.566134	2.333093	1.816141	1.638342	1.076219	1.553833	1.585301	1.553228	1.826299	1.473296	1.345663	1.927414	1.96482	1.60869	1.525811	1.129009	1.246621	1.425173	1.600087	1.539451	1.51586	1.552103	1.606873	1.090926	1.280271	1.322507	1.252672	1.155221	1.266672	1.176297	1.110523	0.769775	1.110822	0.921717	0.922693	0.937603	0.680432	0.850571	0.802215	0.73138	0.826509	0.940079	0.734737	0.734169	0.733172	0.63345	0.734505	0.717976	0.721093	0.722883	0.699654	0.82804	0.835921	0.787705	0.793658	0.928923	0.854286	0.687341	0.861932	0.852876	0.77675	0.617261	0.792808	0.664609	0.534375	0.666947	0.38782	0.705287	0.57304	0.514114	0.643995	0.593115	0.707036	0.792662	1.113882	1.197296	1.483663	1.117124	1.078695	1.224872	1.237442	1.089485	1.054964	1.007794	1.046465	1.349266	0	0	0	0	0	0	0	0	0	0	0	0	0	0	0	0	0	0	0	0	0.166956	0.403627	0.765291	0.919546	0.932355	0.993916	0.537841	0.900217	0.631923	0.847475	1.525888	1.110987	0.924731	0.533103	0.918402	1.101945	0.933381	1.222754	0.542295	0.749242	0.933474	0.759954	0.77125	0.915439	0.860919	0.74157	0.731267	0.692654	0.750687	0.709886	0.645428	0.645724	0.549019	1.00381	0.878396	1.023161	0.862073	0.71922	0.567933	0.892614	0.751706	0.717994	0.484493	0.427046	0.375762	0.329118	0.382662	0.24514	0.318164	0.435265	0.435025	0.621566	0.37946	0.244738	0.515549	0.557587	0.308392	0.734015	0.626896	1.355362	1.157406	1.335086	1.587914	1.213136	0.841552	0.9429	1.251925	1.119423	1.097578	0.714665	0.524543	0.703041	0.798895	0.622323	0.58766	0.523088	0.63338	0.573896	0.765624	0.634954	0.781936	0.855969	0.671123	0.99355	0.967307	1.042034	1.063098	1.256927	1.276624	1.12906	1.131233	0.868621	1.388915	0.577789	0.772904	0.656112	0.462005	0.546561	0.498007	0.706404	0.568569	0.486294	0.753215	1.009018	0.961623	0.577738	0.682627	0.381753
