315.523814	109.188505	44.461602	29.698063	37.58624	38.876393	39.850757	27.954679	8.518119	9.556295	9.611926	8.489485	7.864452	6.217605	6.215151	6.675744	6.136612	3.913819	4.188702	5.31687	5.337323	2.69075	0.683118	0.588218	2.343873	1.215705	4.440679	1.372782	0.646304	3.53749	1.841556	4.389138	1.275427	2.424866	1.241885	1.868554	0	1.271337	1.304061	3.006539	1.14044	1.217342	0.654485	1.912732	0.740386	0	1.80556	1.261519	1.145348	1.236976	0	1.243521	0	1.88328	0.588218	1.189526	0.619306	0	0.700299	0.601308	0	0	0	0	0	0.618488	1.794106	0	0.669211	0	0.670847	0.685573	1.28279	0.677392	0	0	0	0	0	0	0.697026	0	0.849194	0.769838	0.806652	0	0	0	0	0	0	0	0	0	0.830377	0.822196	0	0	0	0	0	1.471773	1.151893	0	0	0	0	0.825469	0	0	0	0	0.930186	0	0	0	0	0.694572	0	0	0	0	0	0.774746	0	0	0.785382	0	0	0	0	0	0	0	0	0	0.737113	0.705207	0	0	0.641395	0.633214	0	0	0	0.578401	2.063263	0	0	0	0	0	0.565311	0	0	0	0	0.602944	0.57022	0	0	0	0	0	0	0	0	0.698662	0	0.605398	1.325332	0.66103	0	0.633214	0	0.625033	0.764929	0	0	0	0.681482	0	0	0	0	0	0.72566	0	0	0	0.609489	0	0	0	0.607853	0	0	0	0	0
109.188505	185.692043	89.483606	48.757476	45.709213	84.657599	57.224054	28.493811	19.524916	8.023165	9.414763	6.335412	5.869092	5.568029	3.710928	3.623391	6.410678	1.460319	4.911908	2.479679	2.212976	4.015264	4.079076	3.072806	0.437687	2.26779	3.314147	2.048537	4.339234	2.640028	1.374418	1.40387	1.427595	0.452413	2.316876	0.929368	2.162254	0.948185	0.486773	4.038171	0.85083	1.362964	0.976818	1.903732	0	1.304879	1.34742	1.412051	0.854921	1.385053	0.955548	0.463866	2.314422	0.468775	0	1.331876	0.46223	0	0.52277	0.897462	0	0.507226	0.547313	0.821378	0.536677	0.922823	0.892554	0	0	0.879464	0.500681	0	0	1.010361	0.463048	0.541586	0.513771	0	0	0.513771	0	0	0.633214	0	0.602126	0	0	0	0	0	0	0	0	0	0	0	0	0	0.681482	0	1.180527	0	0	0	0	0	0	0	0	0.527678	0	0	0	0	0	0	0	0	0	0	0	0	0	0	0	0	0	0.499045	1.065992	0	0	0	0	0	0	0.592309	0	0.526042	0.515407	0.44505	0	0.472047	0	0	0.961274	0	0	0.488409	0.428687	0	0.512134	0.44914	0.422143	0	0.454867	0.471229	0	0	0	0.465502	0	1.040631	0.994817	0	0	0	0.411507	0	0.494136	0	0.494954	0	0.516225	0.472865	0	0	0	0.4925	0	0	0	0	0	1.855464	0	0	0	0	0	0	0	0	0	0	0	0	0.464684	0.502317	0	0
44.461602	89.483606	194.227342	106.753822	78.199471	67.721171	40.865208	25.841511	11.530385	10.106062	6.912177	5.745558	6.653655	5.04935	7.992895	3.697021	3.322328	4.857095	4.454587	2.248973	5.217879	3.641389	0.92446	2.787287	3.172615	2.468226	2.14671	3.715837	1.74911	2.793014	1.661573	0.849194	1.726203	1.230431	0.840195	2.107441	1.961	1.290153	1.323695	2.848645	1.15762	3.295331	0.886009	1.295062	1.502861	1.578126	2.851099	2.135256	0.775564	2.093533	0.866374	2.104168	0.419688	1.699206	0	0.805016	1.256611	0.796017	0	0.814015	0	1.380145	0	0.745294	0	0.41887	0.809925	0	0.906461	0	0	0.463866	0.434414	0	0.840195	0.981727	0.931823	0.495772	0	0.931005	0	0.422143	1.149439	0.521133	0	0.449958	0	0	0	0	0	0	0	0	0	0	0.620942	0	0	0	0	0.498226	0.779655	0	0	0.53995	0	0	0.519497	0	0	0	0	0	0	0	0	0	0	0	0	0	0.591491	0	0	0	0	0	0	0	0.456503	0	0	0	0	0	0	0	0	0	0.434414	0	0	0	0	0.391873	0	0.885191	0.389418	0	0.929368	0	0.382874	0.38451	0	0.854921	0	0.408235	0.386146	0	0	0	0	0.477774	0.429506	0	0	0.472865	0	0	0.448322	0.447504	0	0	0	0	0.517861	0	0	0	0.461412	0	0.427051	0	0	0.410689	0	0	0	0	0	0.434414	0	0.41887	0.411507	0	0	0	0.504771	0
29.698063	48.757476	106.753822	200.416313	132.914394	61.696639	40.034831	22.604266	14.523834	10.296681	5.974627	8.845361	7.387496	4.947086	5.770101	3.621755	4.475857	1.297516	4.760558	2.203159	2.752926	2.230157	3.170978	3.900729	2.720202	3.224155	3.36487	1.820286	1.713932	2.34551	0.407417	1.663209	2.959089	1.205888	2.47068	2.064899	3.074442	3.370596	1.296698	1.594488	1.512678	2.421593	1.736021	1.268882	0.490864	1.54622	1.99536	1.673027	0	1.640302	2.122985	0.412325	0	0.832014	0.780473	1.182981	0.82056	0.780473	0	1.196071	0.463048	0.450776	0	1.095444	0.476956	0	0	1.007906	0	0	0.44505	0	0.425415	0.44914	0.411507	0.481046	0	0.485955	0.490045	0	0	0.413143	0	0	1.070083	0	0.447504	0	0	0	0	0.540768	0	1.00218	0	0	0.607853	0	0	0	0	0.488409	0	0.680664	0	1.057811	0	0	0	0	0	0	0	0	0	0	0	0	0	0	0.566947	0	0	0.513771	0	0.499045	0	0	0	0	0	0	0.938367	0	0.513771	0	0.489227	0	0.458139	0	0.425415	0	0	0.425415	0	0.383692	0	0	0	0	0.910552	0	0	0	0	0.41887	0.517861	0	0	0	0.425415	0.46223	0	0.467957	0.421325	0.392691	0.365693	1.389144	0.438505	0.400872	0	0.87701	0.458957	0	0	0.41478	0	0	0	0	0	0.413962	0.418052	0.412325	0	0.402508	0.962911	1.421868	0	0	0	0	0	0	0	0	0	0	0	0.770656
37.58624	45.709213	78.199471	132.914394	210.755535	94.037184	38.423162	23.36265	14.466567	5.429769	8.822454	7.632928	5.958265	3.043354	6.085072	3.819736	3.004085	4.561759	5.020716	3.253607	2.90264	3.762469	2.388869	1.233704	2.049355	2.125439	1.331058	2.399505	1.355601	1.236976	1.717204	2.192524	0	2.119712	3.908092	1.306515	1.621486	1.777744	0.912188	0.841013	1.196071	1.277063	1.830921	0.445868	2.070626	1.223068	2.524675	1.323695	1.201798	1.297516	0	0	0.867192	0.439323	1.234522	0.832014	0	0.823015	0.489227	0	0.976	0.47532	0.512952	0.385328	1.00627	0.432778	0.418052	1.594488	0	0.412325	0.938367	0	0.896644	0.946549	0.434414	1.014451	0.481046	0.512134	0	0	0.486773	0.43605	0	0	0.564493	0.464684	0	0.60049	0	0	0	0.57022	0.584128	0	0	0	0	0	0	0	0	0	0	0	0	0	0	0	0	0	0	0	0	0	0.47941	0	0	0	0	0	0	0	0	0	0	0	0.548949	0	0	0	0	0	0.494954	0.458139	0	0	0	0	0.482682	0	0.44914	0	0	0.448322	0	0.404962	0	0	0	0.474501	1.440685	0	0	0.397599	0.426233	0	0	0	0	0	0	0	0	0	0.444232	0.413962	0.385328	0	0.463048	0	0.463048	0	0.484319	0.442595	0	0	0	0.923642	0	0.465502	0	0	0	0	0.478592	0	0	0.499863	0	0	0.426233	0	0	0	0	0.454049	0.435232	0	0.521133	0.813197
38.876393	84.657599	67.721171	61.696639	94.037184	196.694749	89.693859	35.362628	23.37574	8.414219	7.308958	7.376861	5.035442	3.583304	3.980085	6.217605	3.535854	1.670572	3.064625	2.127893	3.417228	4.306509	2.187615	3.390231	2.251427	1.946274	0.812379	1.75811	1.241067	0.755112	1.178891	0.80338	1.224705	1.552765	1.192798	1.595307	0.742022	1.220614	0.835286	2.310331	1.095444	0.389418	0.41887	0.81647	1.421868	0.746113	1.155984	0.808289	0.733023	0.395963	0.819742	1.592034	0.396781	1.607578	0.753476	1.142894	0	1.506951	0.896644	0.385328	0.446686	0	0	0.705207	0.460594	1.18789	0.382874	0	0	0	0	0	0	0	0.397599	0	0	0.469593	0.946549	0	0.445868	0.399236	0.543222	0.4925	0	0	0	0	0	0	0	0.521952	0	0	0	0.52686	0	0.465502	0	0	0.506408	0	0.737113	0	0	0	0	0	0	0	0	0.530951	0	0	0	0.422143	0	0	0	0	0	0	0	0	0.500681	0.481864	0.503135	0	0	0.395145	0	0.47532	0.906461	0	0	0	0	0	0	0.381237	0.410689	0	0	0	0.412325	0	0	0.41887	0	0	0	0.385328	0	0	0	0	0	0	0	0	0.410689	0	0	0	0.406599	0	0	0	0	0.387782	0	0.423779	0.443413	0	0	0	0	0	0.427051	0	0.43605	0	0.404144	0	0	0	0	0.457321	0	0	0	0.410689	0.448322	0	0	0	0.399236	0	0.95473	0
39.850757	57.224054	40.865208	40.034831	38.423162	89.693859	202.549115	95.129355	36.910484	14.855167	10.568292	9.563658	5.167975	6.034349	6.40986	4.417772	2.605667	4.353142	7.622293	3.224973	3.957178	2.447773	2.486224	2.140983	1.06681	4.424317	1.924185	2.081261	2.352054	0.357512	1.489771	1.521677	2.707112	1.838284	0.753476	3.022083	2.109077	2.698113	1.97818	3.647116	2.075535	1.845647	1.588762	1.934002	2.244883	1.414505	1.460319	2.679297	1.736839	0.750203	1.553583	1.885734	1.128986	1.523313	1.070901	0.360785	0.751021	1.784289	0.424597	1.823558	1.2697	0.824651	0.44505	0	0.872919	0.375511	1.814559	0.461412	0	0.357512	0.814015	0.416416	0.3886	0	0.376329	0.440141	0.417234	0.444232	0.448322	0	0	0	0	0.467138	0	0.403326	0	0	0	0.647122	0	0	0	0	0	0	0	0	0	0	0	0	0	0	0	0	0	0	0	0	0	0	0	0.395145	0.416416	0.400054	0	0	0	0	0	0	0	0.940004	0	0.456503	0	0	0	0	0	0	0	0	0	0	0	0	0	0.361603	0	0.383692	0.420506	0	0	0	0.417234	0	0	0	0	0	0.342786	0	1.479954	0	0	0	0	0.378783	0	0.845922	0.404144	0.428687	0.385328	0.359148	0.334605	0.423779	0.80338	1.101171	0.40169	0	0	0	0.445868	0.379601	0	0	0.404144	0.404144	0	0	0.382874	0	0.41478	0	0	0.433596	0	0.368148	0	0.389418	0	0.375511	0	0	0	0	0	0
27.954679	28.493811	25.841511	22.604266	23.36265	35.362628	95.129355	214.378108	80.442718	27.00404	18.107138	19.107682	13.468478	10.221415	12.773088	8.730826	7.565843	4.468494	8.197421	10.016071	5.280874	5.989353	3.743653	4.02999	4.415318	1.249248	2.607304	2.820829	2.212976	3.634845	2.943545	1.718022	2.183525	3.32151	2.977906	0.853284	3.175887	2.612212	2.680115	2.471498	2.73411	3.335418	0.448322	2.184343	2.53531	1.996178	1.648483	4.322054	0.784564	0.423779	1.754019	0.426233	0.850012	2.149982	1.612487	0.814833	0.847558	0.403326	0.95882	1.23534	1.43414	0.931823	1.005452	0.754294	0	0.423779	0.819742	0.521133	0.917097	0.403326	0.919551	0.469593	0.439323	0	0.85083	0.993999	0.471229	0	0	0.471229	0	0	0	0	0	0.454867	0	0.588218	0	0	0	0	0	0	0	0	0	0	0	0	0	0	0	0	0	0	0	0	0	0	0	0	0.637305	0	0.940004	0	0	0	0	0.668393	0	0	0	0	0	0.515407	0.538314	0	0	0.422961	0	0	0	0	0	0	0	0.482682	0	0.408235	0	0.433596	0.474501	0.439323	0.440959	0	0	0.448322	0.393509	0	0.940822	0	0	0	0.418052	0	1.070901	0.826287	1.172346	0	0.440141	0	0.456503	0	0.869647	0	0	0	0	0.41478	0	0	0	0	0	0	0.524406	0.452413	0	0.912188	0.467138	0	0.43196	0	0	0	0.497408	0	0	0.415598	0.418052	0	0	0	0	0	0.853284	0	0	0.796017
8.518119	19.524916	11.530385	14.523834	14.466567	23.37574	36.910484	80.442718	184.490245	80.328183	41.131911	27.801693	25.240203	16.343302	16.717994	13.727817	15.379573	11.166328	13.898801	12.18896	9.426216	5.756193	9.605381	5.393772	5.014989	2.229339	4.653386	3.775559	1.579763	2.883823	3.377141	4.216518	5.846185	3.705202	3.036809	4.187884	4.605936	3.496585	2.790559	3.30842	2.091079	2.604849	1.200979	2.338965	2.715294	1.781835	2.20725	1.928276	1.750747	1.512678	1.565855	1.90046	0.758384	0.383692	1.799015	1.454592	1.134713	1.43823	0.427869	0.735477	0.426233	0.415598	0	1.009543	0.879464	0	0.365693	0.464684	0.818924	0.720751	0.409871	0	0.391873	0.827923	0	0.886827	0.420506	0	0	0	0	0	0	0	0	0	0.413143	0.525224	0	0	0.64794	0	0	0	0	0	0	0.444232	0	0	0	0.449958	0	0	0	0	0.547313	0	0	0.432778	0	0	0	0	0.419688	0.403326	0.520315	0	0.485137	0	0	0	0	0.473683	0	0	0.480228	0	0.436869	0.377147	0	0	0.432778	0	0	0.485137	0	0	0	0.364057	0	0	0	0.391873	0	0.353422	0.420506	0	0.702753	0.41478	1.259883	0	0	1.042267	0	0.772292	0.477774	0	0	1.525768	0	0	0.407417	0	0.776383	0	0.33706	0	0	0.369784	0.404962	0.404144	0	0	0	0.382055	0.935095	0	0.407417	0.406599	0	0	0.385328	0	0	0	0	0	0	0	0	0	0	0	0	0	0	0.823833	0	0
9.556295	8.023165	10.106062	10.296681	5.429769	8.414219	14.855167	27.00404	80.328183	193.548314	104.185787	37.115829	26.743064	17.162226	12.68146	21.852427	14.729179	16.833347	14.361849	13.16087	14.946795	7.26478	8.199057	6.706832	8.439581	5.106617	2.284152	4.942178	3.102258	4.953631	2.57867	4.138798	3.826281	2.545946	4.471767	2.616303	3.825463	5.720197	10.956892	3.968632	5.816733	3.28715	2.749654	0.765747	0.444232	2.098442	2.166344	1.893097	1.718022	2.598304	1.920913	0.746113	0.744476	0.753476	0.353422	0.714206	0.74284	0.706025	1.259883	1.082354	0	0.408235	0.440141	1.321241	0.43196	0.742022	0.359148	0	0	0.353422	0	0	0.38451	0	0.745294	0.435232	0.826287	0.440141	0.886827	0	0	0	0	0	0.484319	0.398418	0	0.515407	0.517043	0	0	0	0	0	0.498226	0.493318	0.550585	0	0	0	0	0	0	0	0	0	0	0	0	0	0	0	0	0.390237	0	0	0	0	0	0	0.512952	0	0	0	0.469593	0	0	0	0	0	0	0	0	0	0	0	0	0	0.41478	0.715025	0.385328	0	0.832014	0.38451	0.386146	0.346877	0.413143	0.785382	1.034904	0.407417	0.412325	0	0	0	0	0	1.407142	0.723206	0.341968	0.748567	0.385328	0	0	0.847558	0.381237	0.355058	0	0	0	0	0	0	0	0.380419	0	0.375511	0	0	0	0	0	0.749385	0.378783	0	0	0	0	0	0.446686	0	0	0	0.419688	0	1.093808	0	0	0.404144	0	0
9.611926	9.414763	6.912177	5.974627	8.822454	7.308958	10.568292	18.107138	41.131911	104.185787	177.672969	97.354603	33.622517	25.142849	16.881615	15.751811	15.926068	16.143684	12.639736	14.441205	11.811813	5.277601	6.185699	5.680927	6.719922	6.603751	3.828736	5.799553	4.290147	4.270513	2.963998	3.406593	4.23288	3.65857	5.247331	5.262057	4.197701	2.685024	6.69047	3.629118	4.474221	2.571307	2.766016	1.539675	1.786743	1.758928	2.905912	1.142076	2.419139	2.239974	0.77311	2.251427	2.246519	1.136349	1.776108	1.077445	0.373874	0.710116	0.422143	0.72566	0.421325	2.461681	0	0.997271	0	1.866918	0	0.458957	0.404144	1.422686	0	0.413962	0.386964	0.409053	0.374693	1.313878	0.415598	0	0.445868	0.415598	0	0	0	0	0.486773	0.400872	0	0.518679	0	0	0	0	0	0	0	0	0	0.439323	0	0	0	0	0.69539	0	0	0	0	0	0	0	0	0	0.561221	0	0	0	0	0	0	0.589036	0	0	0	0	0	0	0	0	0.431142	0	0.407417	0	0.427051	0	0	0	0	0	0.417234	0	0	0.382055	0.836922	0	0	0	0.41478	0	0	0.818924	0.41478	0	0.6823	0.342786	0	0	0.943276	0.364057	0	0.753476	0	0.420506	0.402508	0.426233	0.382874	0.357512	0.332969	0	0	0	0	0	1.670572	0	0	0.377147	0	0.398418	0.402508	0	0	0.377147	0.381237	0	0.413143	0.365693	0	0	0.44914	0.366511	0.368148	0.774746	0	0	0	0	0.751839	0	0	0
8.489485	6.335412	5.745558	8.845361	7.632928	7.376861	9.563658	19.107682	27.801693	37.115829	97.354603	190.990915	72.267385	42.4237	25.370282	17.74799	20.186763	14.705454	16.767899	13.766268	11.923075	7.785096	5.410952	5.734104	6.782916	3.702747	4.637842	6.689652	3.542399	4.3106	5.235878	5.730014	4.272967	4.43168	1.891461	4.173158	3.883549	6.194698	3.972722	5.494399	2.084534	2.966452	3.589031	1.942183	3.156253	1.065174	2.199887	0.76902	2.093533	1.130622	0.780473	1.893915	0.75593	1.146984	0	1.812105	0.754294	1.074991	1.705751	0.366511	0.850012	0.413962	1.340876	0.670847	0.876191	1.506951	0.728932	0	0.815652	1.077445	1.226341	0.418052	0.781291	0.824651	0.377965	0	1.258247	0.446686	0.449958	0	0	0	0	0	0.982545	0	0	0	0	0.650394	0	0	0	0	0	0	0.558766	0	0.556312	0.501499	0	0	0	0	0	0	0	0	0	0	0	0	0	0	0.418052	0.40169	0	0	0	0	0	0.459776	0	0	0	0	0	0.407417	0	0	0	0	0	0	0.472047	0	0	0	0	0	0	0	0.422143	0.781291	0	0.352604	0	0.398418	0.350149	0	0	0	0	1.038176	0.74284	0	0	0	0	0.76002	0	0.424597	0	0	0	0.360785	0.335423	0	0.403326	0	0	0.805834	0.421325	0	0	0.381237	0.46632	0	0	0	0	0.380419	0	0.378783	0	0	0	0.435232	0	0.369784	0.74284	0.391055	0.426233	0	0	0	0.379601	0	0	0
7.864452	5.869092	6.653655	7.387496	5.958265	5.035442	5.167975	13.468478	25.240203	26.743064	33.622517	72.267385	189.007826	101.11789	33.149651	24.377102	23.433826	20.617905	16.152683	15.754265	10.933985	8.414219	5.397863	3.872913	3.858187	7.204241	6.265055	10.394036	4.679566	5.823278	4.446406	3.715837	4.19852	3.991539	2.044447	4.920907	4.578939	5.020716	6.010624	3.166888	3.378777	4.007901	2.154891	2.09926	1.461955	3.837735	1.584671	3.738744	5.279237	2.851099	1.686116	1.63703	2.041992	0.413143	1.937275	0.783745	0.814833	1.549493	0.460594	0.395963	0.918733	1.34333	0.482682	0.362421	0	0	0.787836	0.500681	0.440959	0.387782	0.883554	0.903189	1.266428	0.891735	0.817288	0.477774	0	0	1.459501	0.453231	0	0	0	0	0	0.437687	0	0.566129	0	0	0	0	0	0	0.546495	0	0	0	0	0	0.521133	0	0	0.675755	0	0	0	0	0	0	0	0	0	0	1.354783	0	0	0	0	0	0	0	0	0	0	0	0	0.440141	0	0	0	0	0	0.431142	0	0	0	0	0.454867	0.784564	0	0.416416	0.913006	0.422143	0.423779	0.761657	0	0.430324	0	0.446686	0	0.396781	0.372238	0	0	0	0	0	0.375511	0	0.422961	0	0	0	0	0	0.362421	0	0.43605	0.398418	0	0.435232	0.91137	0	0	0	0	0	0.439323	0	0	0	0	0.409053	0	0.798471	0	0	0	0	0	0	0	0	0	0	0	0	0	0
6.217605	5.568029	5.04935	4.947086	3.043354	3.583304	6.034349	10.221415	16.343302	17.162226	25.142849	42.4237	101.11789	186.033193	75.709975	39.049013	31.047937	22.820246	17.56637	14.115599	12.966161	7.983077	8.535299	6.981716	5.85682	5.315234	5.547576	5.14425	4.439861	4.419408	4.218154	3.133346	4.779375	6.058074	5.430587	4.279512	7.602658	5.557393	4.888183	2.629392	3.562033	2.661299	4.497946	1.59367	4.161705	3.641389	3.007357	3.15298	2.14671	0.386146	1.999451	0.776383	2.325057	1.176436	1.470954	1.115078	1.160074	2.204795	0.437687	0.751021	0.43605	0	0	0.688027	1.348239	0	0.373874	0.949821	0.836104	0.736295	0	0.428687	0	0.422961	0	0	0	0	0	0	0	0.389418	0	0	0	0	0	0	0.537496	0	0	0	0	0	0.518679	0	0	0	0	0	0	0	0	0.640577	0	0	0	0	0	0	0	0	0	0	0	0	0	0	0	0	0.534223	0.943276	0	0	0.488409	0	0	0	0	0	0.421325	0	0	0	0	0	0	0	0	0	0.400872	0	0	0.400872	0	0.361603	0	0	0	0	0.428687	0	0	1.065174	0	0	0.976818	0.376329	0.71257	0.389418	0.400872	0.871283	0.832014	0	0	0.369784	0.344423	0	0.827105	0.75593	0.413962	0	0	0.395963	0	0	0.955548	0	0.416416	0.415598	0	0.390237	0	0.3886	0.427051	0	0	0.893372	0	0	0	0.400872	0	0.773928	0	0	0	0.841831	0	0
6.215151	3.710928	7.992895	5.770101	6.085072	3.980085	6.40986	12.773088	16.717994	12.68146	16.881615	25.370282	33.149651	75.709975	189.411152	91.33907	36.786132	29.73815	17.187587	18.67654	15.924431	7.980623	9.386129	8.08125	6.953082	11.007615	6.734648	8.143426	4.438225	8.468214	6.899905	5.090255	6.370591	5.677655	4.265604	4.666476	4.704927	5.555757	6.107979	4.88082	3.561215	3.420501	2.043629	3.98254	2.311149	1.456229	1.502861	1.575672	2.145892	1.931548	1.599397	1.164983	1.16171	0	1.470136	1.8571	0	0.734659	0.436869	0.751021	1.307333	0.849194	0.458139	0	0.44914	0	0.373874	0.474501	0.836104	0.736295	0.41887	1.285244	0.400054	1.268064	0	0	0.429506	0.915461	0.461412	0	0.435232	0.389418	0	0	0	0	0	0	0	0	0	0	0	0	0	0.513771	0.572674	0	0	0	0	0	0.719115	0	0	0	0	0	0	0	0	0	0	0	0.428687	0	0	0	0	0.608671	0	0	0	0	0	0	0	0	0	0.385328	0.421325	0	0	0	0	0	0.460594	0	0	0	0	0	0	0	0.40169	0	0.429506	0	0	0	0.428687	0	0	0.355058	0	0	0	0.376329	0	0.778837	0.400872	0.435232	0	0	0	0	0.344423	0.43605	0.827105	0.377965	0	0	0.43196	0	0	0.390237	0.477774	0	0	0	0	0	0	0	1.281154	0.378783	0	0.892554	0	0	0.380419	0.400872	0	0	0.379601	0.405781	0	0	0.465502	0
6.675744	3.623391	3.697021	3.621755	3.819736	6.217605	4.417772	8.730826	13.727817	21.852427	15.751811	17.74799	24.377102	39.049013	91.33907	182.448253	84.187188	33.0163	20.066502	19.857885	11.572108	9.842632	7.082343	7.89145	7.503667	7.412858	10.44394	6.696197	7.09216	5.752103	7.860362	4.587938	6.220877	4.804736	3.786194	7.214876	4.947905	7.749917	5.168793	5.132796	5.910815	5.195791	2.79465	3.110439	3.159525	2.48786	0.733841	1.923367	2.4445	1.13144	1.171528	2.274334	1.512678	0.382874	3.589031	1.813741	1.509405	2.510767	0.427051	1.099534	0.85083	0	1.341694	0.671665	0.87701	0	1.093808	0.463866	0.408235	0.359148	0.818106	0.418052	0.782109	0.413143	0	0	0.419688	0	0	0	0.424597	0.380419	0.517861	0	0.491682	0.404962	0	0	0	0.650394	0	0	0	0	0	0	0	0.443413	0	0	0	0	0	0	0	0	0	0.503953	0	0	0	0	0	0	0	0	0.518679	0	0	0	0	0	0	0	0	0	0	0.407417	0	0.753476	0	0	0.863102	0	0	0.484319	0	0	0	0	0	0	0	0.391055	0	0	0	0.398418	0	0.413962	0	0	0	0.346877	0	0	0.953093	0	0	0	0.782927	0.425415	0.406599	0.430324	0.773928	0.360785	0	0	0	0.368966	0.404144	0	0	0.772292	0.896644	1.143712	0	0.402508	0	0.405781	0	0.380419	0.38451	0.378783	0.417234	0	0.442595	0	0.908098	0	0	0	0.427051	0.755112	0	0	0	0	0	0
6.136612	6.410678	3.322328	4.475857	3.004085	3.535854	2.605667	7.565843	15.379573	14.729179	15.926068	20.186763	23.433826	31.047937	36.786132	84.187188	170.612715	74.40346	29.509898	24.174211	25.592807	8.707919	9.265868	6.890088	9.754277	10.117516	13.296675	11.846992	9.161968	8.360224	6.433585	6.958809	7.86118	8.221146	6.125159	4.991264	8.217874	9.010618	3.618482	4.07744	5.273511	2.626938	3.229064	2.358599	2.281697	2.156527	1.854646	2.722656	2.118076	3.050717	1.183799	0.766565	0.764929	0.773928	0.72566	1.466864	1.14453	0.362421	0.863102	0.741204	0.860647	0.41887	0.452413	1.018542	0.886827	0.762475	0.368966	0	0	0.363239	0	0	0	0.834468	0.382874	0	0.424597	0	0	0	0.429506	0	0	0.474501	0	0	0.416416	0.529315	0	0	0	0	0	0	1.535585	0	0.565311	0	0	0	0	0.454049	0	0	0	0	0.552221	0	0.472865	0	0	1.021814	0	0	0.845922	0	0	0	0	0	0	0	0	0	0	0	0.484319	0	0	0	0.415598	0	0	0	0	0	0	0	0	0	0.791108	0	0.854103	0.395145	0	0	0	0.806652	0	0	0.84674	0.37142	0	0	0	0	0	0	0	0	0.395963	0	0.821378	0	0.391055	0.364875	0.339514	0	0	0	0	0.407417	0.427051	0	0	0	0.943276	0.407417	0.822196	0	0	0	0	0	0.421325	0	0	0	0.917915	0	0	0	0	0	0	0	0	0	0	0
3.913819	1.460319	4.857095	1.297516	4.561759	1.670572	4.353142	4.468494	11.166328	16.833347	16.143684	14.705454	20.617905	22.820246	29.73815	33.0163	74.40346	154.35286	64.706451	43.560049	40.424249	24.686346	15.224133	16.19277	13.826808	9.162786	9.56284	11.245684	8.893629	8.501757	10.058612	9.452396	9.193874	6.356683	6.512123	6.122705	4.938087	7.913538	4.701655	4.335143	5.232605	5.983627	3.86146	2.925547	1.940547	1.146166	1.182981	0.827105	1.501224	0.810743	2.51813	0.407417	2.032993	2.056718	1.15762	0.779655	0.811561	0.385328	1.376872	0	0	0	0	0.360785	0.942458	0.810743	0	0.498226	0.877828	1.545402	0.439323	0.449958	0.840195	0.443413	0	0	0	0	0	0	0	0	0	0	0	0	0	0	0	0	0	0	0	0	0	0	0	0	0	0	0.518679	0	0	0	0	0.52277	0	0	0	0	0	0.543222	0	0	0	0	0	0	0	0	0.560403	0	0	0	0	0	0	0	0.467957	0	0	0	0	0	0	0	0.483501	0	0	0	0	0	0.908098	0	0.844285	0.379601	0	0	0	0	0	0.394327	0.370602	0	0	0	0	0	0.373874	0.409053	0.420506	0	0.436869	0.463048	0	0	0.360785	0	0.433596	0	0.434414	0.866374	0.453231	0.41478	0	1.229613	0	0	0.436869	0	0.446686	0	0	0.814833	0.896644	0	0	0	0.488409	0	0.400054	0	0	0.405781	0	0	0.408235	0.441777	0.976818	0
4.188702	4.911908	4.454587	4.760558	5.020716	3.064625	7.622293	8.197421	13.898801	14.361849	12.639736	16.767899	16.152683	17.56637	17.187587	20.066502	29.509898	64.706451	183.436525	88.294898	43.492964	16.981424	9.035162	10.961801	13.385849	10.231232	7.245146	8.251416	8.933717	7.797367	7.749099	11.308678	6.516214	8.01662	4.853004	5.615479	6.967808	9.168513	5.879727	6.144793	4.456223	4.390774	2.754563	2.299696	2.66948	4.205064	2.170435	1.896369	1.721295	1.115896	0.769838	1.868554	2.23752	2.263699	1.061083	2.145892	0.744476	0.353422	0.841831	0.723206	0.419688	0.817288	0	0.993181	0.43196	0.743658	0.359148	0.457321	0.402508	2.479679	0.806652	0.412325	0.385328	0.406599	1.119987	0.43605	0	0	0	0.827105	0.83774	0	1.020996	1.387508	0	0	0	0	0	0	0	0	0	0	0	0.494136	0	0	0.548949	0	0	0	0	0	0	0	0	0	0	0.425415	0	0	0	0.391055	0	0	0	0.418052	0	0.586582	0	0	0	0.465502	0	0	0	0	0	0	0	0	0.425415	0	0.931823	0	0	0	0	0	0.771474	0	0.416416	0	0.386964	0	0	0	0.691299	0	0	0	1.358874	0.341968	0.366511	0	0.469593	0	0	0.750203	0	0.83774	0	0	0.763293	0.355876	0.331333	0.839377	0	0.364057	0	0	0	0	0	0	0.459776	0	0	0	0	0	0.379601	0.746931	0.822196	0	0	0	0	0	0	0	0	0	0.364875	0	0.374693	0	0.448322	0
5.31687	2.479679	2.248973	2.203159	3.253607	2.127893	3.224973	10.016071	12.18896	13.16087	14.441205	13.766268	15.754265	14.115599	18.67654	19.857885	24.174211	43.560049	88.294898	165.97569	86.326535	19.761348	13.685276	14.533651	17.608093	6.494125	13.978158	13.29013	9.491665	7.48076	9.836905	7.536392	7.237783	7.690196	8.292321	7.069253	7.353136	10.608379	9.14397	4.817826	3.807465	3.251153	0.874555	4.683656	2.471498	1.946274	2.812648	0.842649	1.146984	2.064899	0.854921	1.245157	2.070626	1.676299	2.357781	0.397599	0.413143	0.392691	0	0	0	0	0.490045	0.735477	0.480228	0.413143	0.399236	0.507226	0.446686	0.393509	0.895826	0.458139	0.427869	0.452413	0.41478	0	0.459776	0	0.493318	0	0	0.416416	0	0	0	0.443413	0	0	1.149439	0	0	0	0.557948	0	0	0	1.224705	0	0	0	0	0.491682	0	0	0	0	0	0	0.512134	0	0	0	0	0.434414	0	0.440141	0	0	0.530133	0	0	0	0	1.034904	0.521952	0	0	0	0.476956	0	0	0	0	0	0	0	0.4925	0	0	0	0	0	0	0.856557	0	0	0.458957	0.436869	0	0	0	0	0.377147	0	0	0	0	0	0.380419	0	0	0	0	0.943276	0	0.79029	0	0.46632	0.441777	0.404144	0	0.441777	0	0.422961	0	0	0	0	0.890917	0	0	0	0.421325	0	0	0	0	0	0	0.809925	0.407417	0	0	0	0.811561	0.433596	0.832014	0	0.497408	0
5.337323	2.212976	5.217879	2.752926	2.90264	3.417228	3.957178	5.280874	9.426216	14.946795	11.811813	11.923075	10.933985	12.966161	15.924431	11.572108	25.592807	40.424249	43.492964	86.326535	140.987463	57.707555	26.459181	18.92688	15.01388	19.194401	15.118597	13.494657	16.554373	10.187873	8.778276	14.571284	10.257412	9.028617	8.509938	11.131967	9.323953	10.601834	8.547571	5.374138	3.397594	5.077165	3.900729	2.659662	3.087532	2.083716	1.075809	2.255518	1.705751	1.474227	1.14453	0.741204	1.108534	1.496316	1.052084	0.70848	0.737932	1.402234	0	0.716661	1.663209	0	0.436869	0.656121	0.428687	0.737113	0	0	0.399236	0	0	0.409053	0.382055	0.403326	0	0	0	0	0.440141	0.819742	1.245157	0	0	0	0	0	0.402508	0	0.512952	0	0.631578	0	0	0	0	0	0	0	0	0.980909	0	0	0.686391	0	0	0	0	0	0	0	0	0	0	0.387782	0.409053	0	0	0	0	0	0.50968	0	0	0	0.465502	0	0	0	0.425415	0	0	0	0	0	0	0	0	0	0	0	0	0	0.413143	0	0.767383	0	0.409871	0	0	0	0	0.717479	0	0	0	0.376329	0	0	0.339514	0.37142	0	0.415598	1.191162	0	0	0.352604	0.32806	0	0.394327	0	0.395145	0	0.412325	0.377147	0.437687	1.117533	0	0	0	0	0	0.372238	0	0.740386	0	0.361603	0.432778	0	0	0	0	0	0.417234	0	0	0.386964	0	0	0.444232	0.692936
2.69075	4.015264	3.641389	2.230157	3.762469	4.306509	2.447773	5.989353	5.756193	7.26478	5.277601	7.785096	8.414219	7.983077	7.980623	9.842632	8.707919	24.686346	16.981424	19.761348	57.707555	221.343462	78.021124	66.781167	26.927138	17.662088	16.289307	14.840441	10.915169	10.358857	9.540751	10.169875	6.89336	9.830361	6.294507	9.679011	5.874819	6.440948	10.134696	6.094889	2.311967	4.524126	0.884372	2.585215	3.000812	4.332689	3.252789	0.426233	0.773928	1.254156	0.865556	0.840195	1.257429	0.848376	1.988815	0.804198	1.254974	0.397599	0	0	0.471229	0.459776	0.991544	0	0.97191	0.418052	0.404144	1.027541	0.904825	0	0	0	0	0.457321	0	0.490045	0.465502	0	0	0.464684	0.470411	0	0	1.039813	0	0	0.456503	0	0	0	0	0	0	0	0.561221	0	0	0	0	0	0	0	0.778019	0.693754	0	0	0.60458	0	0	0	0	0	0.629123	0	0	0	0	0	0	0	0	0	0	0	0	0	0	0	0.482682	0	0	0	0	0	0	0	0	0	0	0	0	0	0	0	0.435232	0	0	0.441777	0.3886	0.458139	0.463866	0	0	0.383692	0.412325	0	0	1.22225	0.770656	0	0	0	0.449958	0	0.428687	0.400054	0	0	0	0	0	0.446686	0.467957	0.427869	0.49659	0.845103	0	0.445868	0	0	0	0.422143	0	0	0.46223	0	0	0	0	0.409871	0.412325	0	0	0	0	0	0.841831	0	0	0
0.683118	4.079076	0.92446	3.170978	2.388869	2.187615	2.486224	3.743653	9.605381	8.199057	6.185699	5.410952	5.397863	8.535299	9.386129	7.082343	9.265868	15.224133	9.035162	13.685276	26.459181	78.021124	202.580203	96.501319	35.798678	24.197937	20.464919	10.363766	12.861443	10.117516	9.690464	9.468758	10.503662	9.569385	10.655829	10.259048	7.55848	10.032433	9.846723	7.841545	7.04471	5.013353	3.594757	3.063807	1.016088	3.20043	2.064899	3.031082	2.358599	3.396776	2.197432	1.280336	0.851648	1.722931	1.211615	0.408235	1.699206	0.404144	1.441503	0.825469	0.478592	0	0	1.51186	0	0.849194	0.410689	0.521952	0	0.404144	0	0	0.880282	0	0	0	0	0	0.507226	0	0.956366	0	0.582491	0	0	0	0	0	0	0	0	0.559584	0	0.518679	0	0	0	0.499045	0.626669	0	0	0	0	0.704389	0.573492	0	0	0.566947	0	0	0	0	0	0	0.471229	0	0	0	0	0	0	0	0	0	0	0.517043	0	0	0.490045	0	0	0	0	0	0	0.544859	0	0	0	0.409053	0.440141	0	0.47532	0	0.441777	0	0.472047	0	0	0.465502	0	2.066536	0.387782	0.390237	0.836922	0	0	0	0.391055	0.427869	0.440959	0	0	0	0.871283	0.406599	0	0.95882	0.908916	0	0	0	0	0.434414	0	0.429506	0	0.453231	0	0.913824	0	0	0	0.427051	0	1.664846	0	0.490864	1.022632	0	0.836922	0	0.480228	0	0	0	0.427869	0.46223	0	0.797653
0.588218	3.072806	2.787287	3.900729	1.233704	3.390231	2.140983	4.02999	5.393772	6.706832	5.680927	5.734104	3.872913	6.981716	8.08125	7.89145	6.890088	16.19277	10.961801	14.533651	18.92688	66.781167	96.501319	187.387976	75.846599	26.224385	18.370568	17.4412	19.475011	13.938888	10.158421	8.894447	7.536392	6.806641	5.137705	7.729465	9.933442	9.764912	7.707376	8.172878	3.706838	4.676293	3.094895	5.275965	3.937544	1.37769	2.13362	2.23752	1.692661	1.461955	1.892279	1.837466	2.93291	1.484044	1.739293	0.351786	0.365693	1.39078	1.655028	1.065992	0.824651	0	0.867192	0.650394	0	0.365693	1.060265	0	0.395963	1.044721	1.189526	0.405781	0.378783	0.800108	0.733841	0.428687	0	0.432778	0	0	0.823833	0	1.002998	0	0	0	0	0	0	0	0	0.481864	0	0	0	0	0.542404	0	0	0.486773	0	0.435232	0	0	0	0	0	0	0	0	0	0	0.549767	0	0.405781	0	0	0	0	0	0	0	0	0	0	0	0.463866	0	0.844285	0.364875	0	0	0	0	0	0.468775	0	0.416416	0.408235	0	0	0.747749	0	0	0	0.341968	0.406599	0.77311	0	0	0	0	0.333787	0	0	1.119987	0	0.356694	0.33706	0.368966	0	0	0	0.417234	0	1.398961	0.976818	0	0.391055	0.357512	0	0	0	0	0.434414	0.369784	0	0.390237	0	0.787018	0.402508	0	0	0	0	1.074991	0	0	0.440141	0	1.081536	0	0.413962	0	0	0	0	0	0	0
2.343873	0.437687	3.172615	2.720202	2.049355	2.251427	1.06681	4.415318	5.014989	8.439581	6.719922	6.782916	3.858187	5.85682	6.953082	7.503667	9.754277	13.826808	13.385849	17.608093	15.01388	26.927138	35.798678	75.846599	154.219508	80.518802	40.70895	21.011414	22.063498	19.092138	18.431926	16.244311	15.015516	13.917618	10.601834	17.232583	10.578109	11.224413	8.062434	6.725649	3.69293	5.374956	1.927458	5.25633	2.614666	6.177518	2.479679	0.74284	2.360236	1.457047	1.130622	1.097898	1.460319	1.478317	1.385871	0.700299	1.457865	1.385053	0.824651	0.707662	2.054264	0	0.43196	0	0.84674	0.728114	1.056175	0.895008	0	1.735203	0.395145	0.404144	0.755112	0.796835	0.365693	0.854103	0.404962	0.431142	0.870465	0	0	0	0	0	0	0	0	0	0	0	0	0	0	0	0	0	0	0	0	0	0	0	0	0	0.491682	0	0.52686	0	0	0	0	0	0	0	0	0	0	0	0	0	0	0	0	0.455685	0.460594	0	0.46223	0	0	0	0	0	0	0	0	0.467138	0.434414	0.41478	0	0	0.377965	0	0	0.377965	0.758384	0.340332	0.404962	0.385328	0	0	0.404144	0.709298	0.332969	0	0.718297	0.37142	0.459776	0.355058	0.335423	0.36733	0.377965	0	0	0	0.373874	0.348513	0	0.411507	0.389418	0	0	0.389418	0	0.373056	0	0.368148	0	0	0	0.391873	0	0	0	0	0	0	0.427051	0.420506	0	0	0.718297	0	0	1.093808	0.357512	0.382055	0.733841	0	0	0
1.215705	2.26779	2.468226	3.224155	2.125439	1.946274	4.424317	1.249248	2.229339	5.106617	6.603751	3.702747	7.204241	5.315234	11.007615	7.412858	10.117516	9.162786	10.231232	6.494125	19.194401	17.662088	24.197937	26.224385	80.518802	166.294752	79.802141	42.331254	25.253293	18.003239	15.369756	18.381204	13.23859	16.657454	20.098408	14.451841	12.03352	10.4783	10.353948	9.913807	7.313049	5.203154	4.797373	1.947092	6.328049	2.136075	2.204795	3.852461	1.748292	1.133077	2.34551	2.277607	1.136349	1.53313	0.359148	1.089717	1.133895	0.359148	0.427869	1.101171	0.426233	0.41478	0	0	0.439323	0.755112	0.730569	0.92855	1.635394	0.359967	0.409871	0.41887	0	0.827105	1.137167	0.443413	0.420506	0.447504	0	0	0	0.380419	0.518679	0.469593	0	0	0.412325	0.524406	0	0.651212	0.647122	0	0	0	0	0	0	0	0.557948	0	0	0	0	0	0	0	0	0	0.468775	0	0	0	0	0	0	0	0	0.424597	0	0	0	0	0	0	0	0	0	0	0	0	0	0	0	0	0.472865	0.969456	0	0.430324	0.422143	0	0	0	0.422961	0	0	0	0.419688	0.399236	0	0	0	0.368148	0	0	0	0	0.476956	0	0	0	0	0.425415	0	0	0	0	0	0.426233	0	0	0	0	0	0.386964	0.44914	0	0.467138	0	0.407417	0	0.416416	0	0.385328	0.379601	0.418052	0.370602	0.443413	0	0	0.370602	0.372238	0	0	0.377965	0	0	0.380419	0	0	0
4.440679	3.314147	2.14671	3.36487	1.331058	0.812379	1.924185	2.607304	4.653386	2.284152	3.828736	4.637842	6.265055	5.547576	6.734648	10.44394	13.296675	9.56284	7.245146	13.978158	15.118597	16.289307	20.464919	18.370568	40.70895	79.802141	147.970816	80.920492	33.355814	27.80742	21.517003	19.582183	13.816173	13.906982	11.872353	11.509932	13.666459	16.605096	14.545923	6.131704	7.268053	3.490858	4.589574	6.908904	4.24597	1.8571	1.91764	3.216792	2.554945	2.365144	2.448591	4.35805	1.581399	0.800108	1.500406	1.516768	0	1.499588	0.892554	1.532312	0.889281	0.866374	1.87019	0.350967	1.375236	1.970817	0	0	0.853284	1.126532	0.854921	0.436869	0	0.431142	0.791108	0.46223	0	0.467138	0	0	0.444232	0	0	0.980909	0	0.423779	0	0	0	0	0	0	0	0	0	0	0	0	0	0	0	0	0	0	0.532587	0	0	0	0	0	0	0	0	0	0	0	0	0	0.506408	0	0.544859	0	0	0	0	0	0	0.426233	0.455685	0	0.429506	0.472865	0	0	0	0	0	0	0	0	0	0.403326	0	0.409053	0	0	0.438505	0.417234	0.733023	0	0	0	0.359967	0.362421	0	0	0.498226	1.537221	0.363239	0	0	0	0.849194	0	0	0	0	0	0	0.385328	0.422143	0.421325	0.440959	0	0.468775	0	0.487591	0	0	0	0.434414	0	0.402508	0	0.43605	0	0	0	0.474501	0.386964	0	0	0	0.395145	0	0	0	0	0.949821	0.741204
1.372782	2.048537	3.715837	1.820286	2.399505	1.75811	2.081261	2.820829	3.775559	4.942178	5.799553	6.689652	10.394036	5.14425	8.143426	6.696197	11.846992	11.245684	8.251416	13.29013	13.494657	14.840441	10.363766	17.4412	21.011414	42.331254	80.920492	163.740625	75.294377	36.184006	29.628524	24.64544	18.025327	11.703005	15.842621	15.888435	11.589288	8.76355	8.093522	9.950622	8.649834	3.777195	4.514308	4.836642	2.551672	3.215156	3.319056	3.04499	2.369235	1.279518	2.649027	1.71475	1.28279	2.16389	1.217342	0.409871	0.427051	1.622304	0.482682	0.41478	0.962093	0.937549	1.011997	0	0.495772	0.426233	0.824651	0	0.461412	0	0.46223	0.94573	0	0	0.427869	0.500681	0.474501	0	0.50968	0.949003	0	0	0	1.061083	0	0	0	0.592309	0	0	0	0	0	0	0	0	0	0.501499	0	0	0	0	0	0	0	0.549767	0	0	0	0	0	0	0	0	0	0	0	0	0	0	0	0	0	0.534223	0	0	0.541586	0	0	0	0	0	0	0	0	0	0	0	0.476138	0.410689	0	0.43605	0.477774	0	0	0	0	0	0.396781	0	0.473683	0	0	0	0	0	0.539132	0	0	0	0.442595	0.481046	0	0	0	0.408235	1.139622	0	0.456503	0.417234	0	0.455685	0	0.436869	0	0	0	0	0	0	0	0	0	0	0	0	0	0	0	0	0.420506	0.442595	0.482682	0	0	0	0.429506	0.464684	0.513771	0.801744
0.646304	4.339234	1.74911	1.713932	1.355601	1.241067	2.352054	2.212976	1.579763	3.102258	4.290147	3.542399	4.679566	4.439861	4.438225	7.09216	9.161968	8.893629	8.933717	9.491665	16.554373	10.915169	12.861443	19.475011	22.063498	25.253293	33.355814	75.294377	164.001601	83.440258	34.269638	25.645166	22.764615	18.494102	18.54237	16.979788	14.672729	16.501196	12.275679	5.464129	8.143426	3.161161	7.64929	4.139616	3.84428	3.78374	1.562582	4.914362	1.487317	2.007632	1.662391	0.807471	2.013359	2.037084	1.146166	1.544584	0.40169	0.764111	0.908916	1.560946	0	1.323695	0	0.715025	0	0.80338	0.3886	0.493318	0.434414	0.382874	0.435232	0.44505	0.832832	0.439323	0.403326	0	0.446686	0.476138	0.47941	0	0	0	0	0.499863	0	0	0	0	0	0	0	0	0	0	0	0	0	0.472047	0.593127	0.534223	0	0	0	0	0	0	0	0.535859	0	0	0	0	0	0	0	0	0	0	0.515407	0	0	0	0.567765	0	0.507226	0	0	0	0.463866	0	0	0	0	0	0	0	0	0.457321	0	0	0	0	0	0	0.418052	0.375511	0	0.424597	0.373056	0	0.445868	0.782109	0.366511	0.368966	0.395963	0.819742	1.014451	0.391055	0	0	0	0	0.432778	0	0	0.768201	0	0	0	0.392691	0.430324	0.858193	0	0.411507	0	0	0	1.71475	0	0	0.442595	0.810743	0	0	0.444232	0	0.471229	0.463866	0.483501	0.393509	0	0	0	0.804198	0	0.421325	0	0.436869	0.483501	0
3.53749	2.640028	2.793014	2.34551	1.236976	0.755112	0.357512	3.634845	2.883823	4.953631	4.270513	4.3106	5.823278	4.419408	8.468214	5.752103	8.360224	8.501757	7.797367	7.48076	10.187873	10.358857	10.117516	13.938888	19.092138	18.003239	27.80742	36.184006	83.440258	162.762988	78.180655	33.8025	35.50416	19.389928	21.702714	19.552731	17.166316	18.445834	12.360762	7.835818	4.053715	6.490034	3.102258	1.889007	2.631029	3.798466	5.703834	1.868554	0.67821	1.831739	1.137985	0.736295	1.101989	1.487317	1.394871	0.352604	1.466864	2.091079	0	0.355876	0	1.208342	0.868828	0	0.852466	1.465228	1.416959	0.449958	0	0.349331	1.19198	0.406599	0.76002	1.203434	1.103625	0	0.407417	0	0	0.814833	1.650938	0.368966	0	0	0	0.393509	0	0	0	0	0	0	0	0	0	0	0	0.431142	0	0	0	0.43605	0.6823	0	0	0	0	0	0.454867	0	0	0	0	0	0	0	0	0	0	0	0	0	0.517861	0	0	0	0	0	0	0	0	0.439323	0	0.775564	0.917915	0	0.436869	0	0	0.353422	0	0	0	0.379601	0	0	0.407417	0.387782	0	0	0	0.713388	0.669211	0.336242	0.361603	0	0	0	0	0	0.760838	0	0	0.418052	0	0.350967	0	0.413962	0.784564	0.35833	0	0	0	0	0	0.370602	0	0.782109	0.395145	0	0	0	0	0.368148	0	0	0	0	0.440959	0.359148	0	0	0	0	0.359967	0	0	0	0	0
1.841556	1.374418	1.661573	0.407417	1.717204	1.178891	1.489771	2.943545	3.377141	2.57867	2.963998	5.235878	4.446406	4.218154	6.899905	7.860362	6.433585	10.058612	7.749099	9.836905	8.778276	9.540751	9.690464	10.158421	18.431926	15.369756	21.517003	29.628524	34.269638	78.180655	177.552707	82.758776	34.210735	26.54181	23.743888	21.508004	16.08478	13.325309	13.673004	6.674926	4.571576	5.630205	4.844823	5.112344	4.565031	3.594757	3.710928	2.723475	2.118894	1.14453	1.184617	1.916822	0.764929	1.16171	1.814559	1.100352	0.382055	1.813741	0	0.741204	0	0.419688	0.452413	1.358056	0.443413	0.381237	0.737932	1.875099	0.413143	0	1.655028	0	0.791108	0	0.382874	0.447504	0.424597	0	0.455685	0	0	0.38451	0	0	0.497408	0	0	0	0	0	0.653667	1.005452	0	0	0	0.507226	0.565311	0.896644	0	0	0	0.454049	0	0	0	0.983363	0	0	0	0	0	0	0	0.802562	0.422961	0.813197	0	0.428687	0	0.601308	0.527678	0	0	0	0.481864	0	0	0.412325	0	0.381237	0.415598	0	0.43605	0	0.955548	0.489227	0	0.434414	0	0	0.395963	0	0.427051	0	0	0	0	0	0	0.418052	0	0.37142	0	0	0.376329	0.389418	0	0.37142	0.351786	0.38451	0.395963	0.430324	0.410689	0.871283	0.391873	0	0.339514	0	0	0	0	0	0	0	0	0	0	0	0	0	0.420506	0	0.389418	0	0	0	0	0	0	0	0.376329	0	0	0	0.749385	0.400872	0.38451	0	0.459776	0
4.389138	1.40387	0.849194	1.663209	2.192524	0.80338	1.521677	1.718022	4.216518	4.138798	3.406593	5.730014	3.715837	3.133346	5.090255	4.587938	6.958809	9.452396	11.308678	7.536392	14.571284	10.169875	9.468758	8.894447	16.244311	18.381204	19.582183	24.64544	25.645166	33.8025	82.758776	158.413119	81.943942	35.131922	21.90724	29.032942	21.542365	16.814531	15.19959	8.71201	8.622018	4.218154	4.948723	2.41014	5.595844	4.406318	3.032719	2.384779	5.050986	2.338147	1.209979	1.566673	1.953637	0	1.483226	1.49877	0.779655	1.111806	0.881918	0.378783	0.879464	1.285244	0.46223	0.346877	2.265335	0.389418	0	0.478592	0.843467	0.37142	0.845103	0.43196	0.404144	0	0	0.913824	0	0.461412	0.931005	0	0.438505	0.392691	1.069264	0	0	0	0	0	0	0	0	0	0	0	0	0	0	0.458139	0	0	0.498226	0.463866	0	0	0	0.502317	0	0	0	0	0	0.521952	0	0	0	0	0	0.437687	0.500681	0	0	0.476138	0	0	0	0.474501	0	0	0	0	0.424597	0	0	0	0.488409	0.499863	0.464684	0	0	0	0.404144	0.398418	0	0	0.405781	0.364875	0	0	0	0.427051	0	0	0	0.35833	0	0	0.4925	0.379601	0.359148	0	0.404144	0	0.419688	0	0	0.373056	0.346877	0	0.417234	0	0	0.416416	0	0	0	0	0	0	0	0	0	0	0	0	0	0	0.457321	0	0.469593	0	0	0.404144	0.440959	0	0	0	0.392691	0	0	0
1.275427	1.427595	1.726203	2.959089	0	1.224705	2.707112	2.183525	5.846185	3.826281	4.23288	4.272967	4.19852	4.779375	6.370591	6.220877	7.86118	9.193874	6.516214	7.237783	10.257412	6.89336	10.503662	7.536392	15.015516	13.23859	13.816173	18.025327	22.764615	35.50416	34.210735	81.943942	137.643047	88.529695	36.595513	38.297992	29.329097	17.097595	14.620371	9.243779	7.670561	6.628294	5.032169	2.85928	5.215425	3.360779	5.010899	3.637299	2.934546	4.358868	0.82056	1.194435	1.986361	2.412594	2.63921	2.286606	0.396781	0.753476	1.794106	0.770656	0.89419	0.435232	0	0.352604	0.460594	0	1.149439	1.94791	0	0.377147	0.859829	0.878646	0.821378	0.867192	0.795199	0.464684	0.881918	0.469593	0.473683	0.440959	0	0	0	0	0	0	0	0	0	0	0	0	0	0	0	0	0.5874	0	0	0	0.506408	0	0	0	0	0	0	0.529315	0	0	0	0	0	0	0	0.422143	0	0	0	0	0.548131	0	0	0	0	0	0	0	0	0	0	0.950639	0	0	0	0	0	0	0	0.382055	0.410689	0.405781	0.887645	0	0.412325	0.370602	0	0.41887	0.368148	0	0	0.386146	0.362421	1.092171	0	0.404144	0	0.386146	0	0.400054	0.411507	0	0	0	0.406599	0	0.706025	0.447504	0	0	0	0.423779	0.443413	0	0.471229	0	0	0	0.427051	0.426233	0.436869	0	0	0	0.876191	0	0.464684	0	0	0.3886	0	0	0	0	0	0	0	0.863102	0.477774	0.744476
2.424866	0.452413	1.230431	1.205888	2.119712	1.552765	1.838284	3.32151	3.705202	2.545946	3.65857	4.43168	3.991539	6.058074	5.677655	4.804736	8.221146	6.356683	8.01662	7.690196	9.028617	9.830361	9.569385	6.806641	13.917618	16.657454	13.906982	11.703005	18.494102	19.389928	26.54181	35.131922	88.529695	175.339731	77.144115	49.303153	28.941315	17.028056	16.678725	9.520298	7.639473	5.93045	3.588213	5.048532	5.409316	3.904819	3.297785	3.458134	1.743384	1.88328	0.779655	1.135531	1.511042	1.146984	1.074991	1.086445	1.507769	0.716661	1.2787	0	0.424597	2.48377	0	0.335423	0.437687	0.753476	0.364057	0.463048	0.815652	0.359148	1.225523	0.418052	0.390237	0.412325	0.377965	0.441777	0	0	0.449958	0.41887	0.424597	0	0	0	0	0	0	0	0.524406	0	0.645486	0.49659	0	0	0	0	0	0	0	0.501499	0	0	0	0	0	0	0	0	0	0	0	0.504771	0	0	0	0	0	0	0	0	0	0	1.064356	0	0	0	0	0	0	0.376329	0	0	0	0	0.472047	0.967001	0	0	0	0	0	0	0.422143	0	0.783745	0.352604	1.256611	0	0.350149	0	0	0	1.03245	0	0.37142	0	0	0	1.042267	0.76002	0	0.424597	0	0.859829	0	0.360785	1.342512	0.425415	0	0.368148	0.403326	0.402508	0	0	0	0	0	0	0.405781	0	0.41478	0.380419	0	0.378783	0.416416	0.368966	0.441777	0.435232	0.453231	0	0.37142	0	0	0	0	0	0.758384	0.409871	0.454049	0
