329.903743	92.56884	33.850143	29.101361	30.73296	40.463492	41.788294	28.080894	13.782869	10.038969	7.963581	5.247531	8.097292	6.7487	4.785696	5.738897	3.527338	5.144172	4.542884	3.762768	2.894878	4.044955	1.664411	1.524959	2.905542	2.027809	2.732457	2.581519	2.923589	1.903122	2.624176	1.760388	1.433904	2.220582	3.259917	3.150815	1.244412	2.485543	2.061442	2.307535	3.191011	2.603668	0.590624	2.049958	2.106559	1.395349	2.169723	2.652886	1.630779	2.702105	0.963045	0.508593	1.547107	1.520037	0.488905	1.481482	0.584062	0.517616	1.190272	0.260859	0	0.614413	0.919569	1.209139	0.675936	0.547968	1.031952	0.625077	0.584062	1.183709	0.873631	0.546327	0.248554	0.264961	1.39699	0.60539	0.634921	0.36832	0.669374	0.283007	1.376482	0	0	0	0.351093	0.284648	0.298593	0	0	0.483984	0	0.625897	0.349453	0	0	0.357656	0.390468	0	0	0	0	0	0	0	0	0	0	0	0.356015	0	0	0.36832	0	0	0.931053	0.283007	0	0	0	0.417538	0	0.315	0	0	0	0	0	0	0.614413	0	0	0	0.307617	0	0	0.333046	0	0.284648	0.590624	0.477421	0	0.508593	0.286289	0.248554	0.241171	0.235429	0	0.538124	0.231328	0	0	0	0.49957	0	0.2625	0	0	0.220664	0.44707	0	0.29039	0.637382	0.324023	0.65871	0	0	0.219023	0.913006	0	0	0	0.269062	0.26414	0.533202	0.323203	0.50203	0.325664	0.2625	0	0	0.29121	0	0	0.278086	0	0.515155	0	0	0	0	0	0.671015	0	0	0.757147	0	0.246914	0.260859	0.28957	0.900702
92.56884	214.52697	89.993063	48.355706	49.023439	73.35387	55.842686	25.473124	15.802475	8.208854	8.559948	6.417295	6.189248	5.98417	3.012183	3.132769	4.148314	5.318898	4.386204	4.519095	2.766089	3.503549	2.544605	2.524918	1.008983	2.435504	1.044256	1.726755	2.234528	1.87031	2.406793	1.794021	1.095936	2.121325	1.453591	2.208278	2.66273	1.329724	1.772693	1.959724	0.871171	2.351832	1.805505	0.89578	0.460195	1.955622	1.474099	1.622576	0.534023	0.938436	0.920389	0.777655	0.591444	0.58078	0.934334	1.321521	0.223125	1.384685	0.682499	0.597187	0.901522	0.704647	0.936795	0.36996	0.258398	0.628358	0.196875	0.478241	0.446249	0.181289	1.334646	0.625897	0.760429	0	0.640663	0.462656	0	0.281367	0.255937	1.298553	0.21082	0	0	0	0	0.434765	0	0.775194	0.283007	0	0	0	0.266601	0	0.322382	0.546327	0	0	0.304335	0	0.541405	0	0.407695	0	0	0.301054	0	0.308437	0	0.241992	0	0	0.638202	0.225586	0	0	0	0.239531	0	0	0	0	0	0	0.278906	0.549609	0.253476	0.214101	0.234609	0.776014	0	0	0.235429	0	0	0.254296	0.232148	0	0	0.365038	0.387187	0.777655	0	0.379804	0.36914	0	0.423281	0.205898	0.354374	0	0	0.196875	0	0.547968	0.200976	0.202617	0	0.337148	0.34207	0	0	0.243632	0.247734	0.503671	0.445429	0.374882	0.167343	0.232968	0.440507	0	0.665272	0.205898	0	0.407695	0	0.191953	0.249375	0.401952	0.228867	0.222304	0.222304	0	0.200156	0.212461	0	0.393749	0.270703	0	0.224765	0	0.360937	0.34207	0	0.359296	0	0	0.377343	0.199336	0.442968	0.344531
33.850143	89.993063	203.35105	100.328164	65.76353	67.295051	48.427893	28.874955	12.562246	9.64604	10.282601	6.855341	7.464832	6.232725	4.788977	6.309834	4.451829	4.412454	5.520695	3.428901	3.665151	2.621715	3.708627	2.007302	2.407613	2.112301	4.565852	2.352653	1.598787	1.816989	2.870269	2.853042	2.090973	2.360856	1.320701	1.436365	1.814528	1.963825	1.722654	2.803824	1.938395	1.438006	0.8966	1.957263	1.463435	0.424101	1.903942	1.289529	0.424921	1.342849	0.292851	0.463476	1.566794	1.077889	1.187811	1.200115	0.71039	0.629179	0.542226	0.7916	0.537304	0.373242	0.558632	0.440507	0.616054	0.333046	0.156679	0.190312	0.355195	0.143554	0.530741	0.331406	0.604569	0.321562	0.849022	1.103319	1.543005	0.671015	0.203437	0.860506	0.669374	0.159961	0.229687	0	0	0.345351	0	0	0	0	0	0	0.212461	0	0	0.217382	0	0.209179	0.483984	0.23789	0.214922	0.201797	0	0	0	0	0	0	0	0	0	0	0.253476	0.178828	0	0.172265	0	0.190312	0	0	0	0.383085	0.232968	0.218203	0	0.218203	0.201797	0.170625	0.559452	0.154219	0	0.564374	0	0	0	0	0	0	0	0.145195	0.153398	0.309257	0	0	0.293671	0.429023	0	0.163242	0	0.293671	0.826053	0.313359	0.60703	0.145195	0.479062	0.483163	0.359296	0.535663	0	0.173906	0.176367	0	0.787499	0.200156	0	0	0.13289	0.36996	0.174726	0.31582	0	0.164062	0.482343	0.161601	0	0.152578	0.197695	0	0	0.177187	0.177187	0	0	0.337968	0.194414	0	0.429843	0	0.178828	0.457734	0.143554	0.407695	0	0.285468	0	0.155859	0.150117	0.31746	0.176367	0.821132
29.101361	48.355706	100.328164	213.568026	115.60646	53.858354	42.104114	25.387812	13.672947	10.824007	5.687218	7.024325	6.928349	6.874208	6.98495	7.137528	4.606868	5.729874	4.215579	2.807925	3.308315	3.521596	3.623315	2.157419	3.104058	1.891638	2.8998	3.160659	2.863706	2.66273	2.39859	1.533162	1.87195	2.718511	1.596326	2.914566	2.599566	2.272262	1.514295	2.343629	1.488045	1.391248	1.734958	1.338748	1.375662	1.974489	1.731677	1.039334	2.433863	1.123006	1.415037	0.996678	0.841639	0.826874	0.638202	0.967967	1.335467	1.182889	1.165662	1.020467	0.577499	1.203397	0.400312	0.63164	0.661991	0.178828	0.674296	0	0.191133	0.772733	0.379804	0.178008	0	0.691522	0.547148	0.78996	0.207539	0.480702	0.218203	0	0.359296	0.34371	0.493007	0.232968	0.228867	0.371601	0.195234	0.220664	0	0	0	0.204257	0	0.200976	0.551249	0.232968	0	0	0	0	0.231328	0	0	0	0.486445	0	0	0	0.232148	0	0.780936	0	0	0	0	0.18457	0	0	0.220664	0	0.259218	0	0	0.469218	0	0	0.433124	0.182929	0	0.331406	0.365038	0.404413	0	0.171445	0.199336	0	0	0.371601	0.192773	0	0.164883	0	0	0.162422	0.630819	0.461015	0.542226	0.702186	0.302695	0.1575	0.71039	0.337148	0.325664	0.155859	0	0.519257	0.192773	0	0.584062	0.373242	0	0.415898	0	0.214922	0.190312	0.640663	0.142734	0.198515	0.187851	0.339609	0.189492	0.175547	0.690702	0.522538	0.21082	0.164062	0.212461	0	0.195234	0	0	0.156679	0.34207	0.363398	0.208359	0.336328	0	0.178008	0.384726	0.164062	0.308437	0.292031	0	0	0	0	0	0.170625	0.378163	0.294492
30.73296	49.023439	65.76353	115.60646	229.433666	89.787985	36.258576	23.620041	14.622048	11.269436	10.983147	7.056317	4.813586	4.467415	6.211397	4.899719	3.74226	3.129487	4.286946	3.891556	2.495387	2.789058	2.296051	2.453551	2.731636	3.395268	3.062222	1.557771	1.209959	1.312498	1.990895	2.225504	1.779255	2.105739	2.247653	1.991716	2.058981	1.543005	1.421599	1.767771	2.200075	2.122145	1.832575	1.009803	1.867849	1.282967	0.830975	0.365859	1.124647	0.507773	0.995858	1.228006	0.533202	0.174726	0.505312	1.022108	1.209139	0.713671	0.615233	0.538944	0.406874	0.847381	0.845741	0.50039	0.699725	1.322342	0.178008	0.215742	0	1.142694	0.803085	0.376523	0.171445	0.547968	0.385546	0.834257	0.438046	0	1.383865	0.390468	0.569296	0.181289	0	0.246093	0.483984	0.196054	0	0	0	0	0	0.215742	0.241171	0	0	0.246093	0.538944	0.23789	0	0.539765	0	0.228867	0.36832	0.31582	0	0	0	0	0	0.218203	0.412617	0.253476	0.575858	0	0.214101	0	0	0	0	0	0.273984	0	0.793241	0	0	0.247734	0	0.193593	0	0.350273	0.192773	0.213281	0.212461	0	0	0	0.21	0.392109	0	0.164883	0.349453	0	0.197695	0.34207	0.166523	0.324023	0.381445	0.18539	0.159961	0.49957	0.749764	0	0.344531	0.329765	0.362578	0	0.611132	0.304335	0.154219	0.196875	0	0.439687	0	0.227226	0.200976	0.168984	0.301875	0.629179	0.198515	0.178828	0	0	0.182109	0.551249	0	0.346171	0	0.543046	0	0.401132	0	0.496288	0	0	1.100858	0.533202	0	0.376523	0	0.173086	0.163242	0.462656	0.392109	0	0	0.529101	0.340429	0.360117	0.999139	0.620976
40.463492	73.35387	67.295051	53.858354	89.787985	207.065419	76.013319	34.201236	16.746654	12.750097	8.261354	7.024325	5.980069	8.238386	4.069564	3.072886	4.503509	1.620115	4.096634	4.748782	2.971167	3.03187	1.931013	2.720972	2.969527	2.326403	1.097576	1.727575	1.878513	1.164842	1.826833	1.414217	1.534802	2.080309	2.181208	2.249293	1.332185	2.129528	2.483902	0.823592	1.708708	2.027809	1.1066	1.097576	1.45031	1.245232	1.032772	0.994217	2.120505	1.314959	1.15992	0.953202	1.242771	0.813749	1.046717	1.322342	0.469218	0.830975	0.318281	0.557812	0.63164	0.821952	0.328124	0.776835	0.543046	0.880194	0.55289	0.334687	0.625897	0.506952	0.623437	0.146015	0.931874	0.708749	0.299414	0.648046	0.509413	0.196875	0.716952	0.455273	0.294492	0	0.404413	0.574218	0.375703	0.304335	0.159961	0	0	0	0	0.335507	0.187031	0	0	0.382265	0.209179	0.18457	0.426562	0	0.189492	0	0.571757	0	0	0.21082	0	0	0	0	0	0.39457	0	0	0.166523	0.151758	0	0.167343	0.181289	0	0.638202	0	0	0	0.195234	0	0.177187	0	0	0.271523	0.44871	0	0.164883	0.42164	0	0.356835	0	0	0.31664	0.766991	0.542226	0.272343	0.153398	0	0.258398	0.629179	0	0.144375	0.123867	0.388007	0.29121	0.276445	0.401132	0.127969	0.42246	0.283828	0.15832	0.354374	0.598827	0	0	0	0.173086	0.176367	0.155859	0.13125	0.351914	0.163242	0.308437	0.139453	0.465937	0.144375	0	0.285468	0	0.269062	0.174726	0	0.319921	0.155859	0.155859	0.256757	0.140273	0.149297	0	0	0	0.584062	0.1575	0.134531	0.126328	0.119765	0.152578	0.126328	0.405234	0.273984	0.13207	0.419179	0.465116	0.964686
41.788294	55.842686	48.427893	42.104114	36.258576	76.013319	201.885974	88.494354	28.163745	15.871382	13.506424	10.941311	7.975886	6.939833	7.87991	4.995695	7.130145	4.839836	7.102255	3.838236	4.409993	2.92687	3.803783	2.323121	3.3198	2.647965	2.92687	3.871049	2.50523	1.863747	2.098356	1.84406	2.456832	1.585662	2.172184	3.750463	2.132809	1.136131	3.238589	2.196793	1.301834	2.163161	1.349412	2.174645	1.375662	2.125426	1.652927	1.364178	0.798163	1.263279	0.550429	1.162381	1.031131	0.723514	1.256717	0.423281	1.835857	1.034412	0.339609	0.892499	0.84246	0.877733	0.875272	0.276445	0.772733	0.469218	0.73746	0.356835	0.834257	0.675936	0.166523	0.935975	0.283828	0.756327	0.319101	0.345351	0.181289	0	0	0.323203	0.314179	0.301054	0.431484	0.204257	0.200156	0.162422	0.341249	0	0	0.276445	0	0.178828	0.199336	0	0	0	0.223125	0	0.227226	0	0.202617	0.189492	0.305156	0	0.212461	0.450351	0.224765	0	0	0	0	0	0	0	0	0.323203	0	0.178828	0	0.238711	0.227226	0	0	0	0.208359	0	0.378984	0.159961	0.175547	0	0.159961	0	0	0.150117	0.174726	0.190312	0.173906	0.324843	0	0.136172	0.28957	0.145195	0.490546	0.425742	0.137812	0	0.15832	0.307617	0.13207	0.137812	0.310898	0.147656	0.427382	0.136172	0.300234	0	0.168984	0.126328	0.383085	0.326484	0.165703	0	0	0.940897	0.166523	0.280546	0.250195	0.521718	0.493827	0.296953	0	0.307617	0.150937	0.456913	0.92285	0.429843	0	0.450351	0.170625	0	0.333046	0.136992	0.150117	0.318281	0.365038	0	0	0	0	0.143554	0.135351	0.383085	0	0.537304	0.28875	0.146015	0.282187	0.297773	0.331406	0
28.080894	25.473124	28.874955	25.387812	23.620041	34.201236	88.494354	226.442811	76.14703	21.118092	20.766999	13.871463	14.763141	14.44486	10.221078	7.136708	7.605105	6.938192	5.635538	6.847138	5.993194	5.152375	4.77175	5.66589	5.551866	4.0589	4.569134	2.671754	3.352612	3.290268	3.176245	3.177886	2.008942	2.652066	2.595465	2.844019	3.646283	2.691441	3.446948	2.613512	2.612691	1.809607	1.3166	1.119725	2.300973	2.222223	1.842419	1.013905	1.335467	2.034372	1.68656	1.296092	0.821132	0.967967	0.934334	1.730857	1.116444	1.153358	0.568476	0.663632	0.563554	0.782577	0.585702	0.770272	1.29199	0.348632	1.150897	0.397851	0.558632	0.602929	1.297732	0.173906	0.63328	0.674296	0.356015	0.578319	0.808827	0	0.213281	0	0.175547	0.335507	0	0.227226	0.223125	0	0	0.214922	0	0.308437	0	0.199336	0	0.391288	0.269062	0	0.497929	0	0	0	0	0.21164	0	0	0	0	0	0	0	0.201797	0.761249	0	0.265781	0	0.197695	0	0	0	0	0	0	0	0	0	0.232968	0	0.21082	0.178828	0	0.646405	0	0.196875	0.392109	0	0	0	0	0	0.187851	0.151758	0	0	0.364218	0	0.154219	0.150117	0.352734	0	0.147656	0	0.173086	0.164062	0.318281	0.304335	0.50203	0	0.187851	0.42164	0.427382	0.182109	0.370781	0.406054	0.206718	0.419999	0	0.312539	0.139453	0.581601	0.367499	0.496288	0.18457	0.515155	0	0.169804	0	0.479882	0.415077	0	0.190312	0.18539	0	0.305156	0	0.532382	0	0.164062	0.225586	0.347812	0.187851	0.639022	0.150117	0.285468	0.181289	0	0	0.163242	0.471679	0.166523	0.18457	0
13.782869	15.802475	12.562246	13.672947	14.622048	16.746654	28.163745	76.14703	188.387753	74.472774	38.263417	26.126912	22.763636	18.167433	13.554002	14.802516	13.955134	10.760843	11.119319	14.850914	12.540098	9.88475	5.920186	8.759283	5.925108	4.912844	4.672493	4.943195	4.158978	5.205695	4.594563	4.013783	3.13769	4.404251	3.864486	3.592143	3.131948	4.487923	4.371438	5.330382	3.117183	4.144212	2.261598	2.724254	2.799722	2.417457	2.373981	1.306756	3.058941	2.68816	1.31742	0.97453	2.116403	1.109061	0.802264	1.216522	2.078669	0.707929	0.813749	0.570116	0.806366	0.504491	0.502851	0.926131	1.109881	0.299414	0.564374	0.68414	1.118905	0.259218	0.637382	0.298593	0.136172	0.28957	0.305976	0.496288	0.173906	0.805546	0.732538	0.465116	0	0.287929	0.206718	0	0.191953	0.155859	0.490546	0.18457	0	0	0	0	0	0.168164	0	0	0.214101	0.188672	0.218203	0	0.193593	0	0	0	0	0.215742	0.215742	0	0	0.173086	0	0.201797	0	0.322382	0.169804	0	0	0.171445	0.18457	0	0.652147	0	0	0.196875	0	0.589804	0	0.306796	0.168164	0	0.152578	0.169804	0	0.143554	0	0.182109	0	0	0.161601	0	0.415077	0	0.470038	0.136172	0.39621	0.257578	0.60621	0.588983	0.253476	0.26414	0.446249	0.423281	0.273164	0.523359	0.575038	0.145195	0.646405	0.241171	0.244453	0.469218	0.318281	0.348632	0	0.180468	0.15914	0.402773	0.598827	0.49957	0.1575	0.284648	0.15832	0.442148	0.144375	0	0.353554	0.274804	0	0.143554	0	0.15914	0.319101	0.13125	0.143554	0.304335	0.524179	0	0	0.597187	0.322382	0.136992	0.516796	0.122226	0	0.128789	0	0.279726	0.269882	0.285468	0.31746	0.7391
10.038969	8.208854	9.64604	10.824007	11.269436	12.750097	15.871382	21.118092	74.472774	174.400626	91.153803	41.221459	24.761094	22.767738	16.550599	15.804116	18.307706	15.457124	14.288181	14.247165	15.231539	12.215254	8.423776	8.3278	7.128505	5.025227	3.950619	4.354212	4.790618	4.32386	4.426399	4.525657	4.697922	5.885733	3.273042	5.188468	4.677415	5.031789	7.32784	4.200814	3.185268	3.992455	1.991716	2.117223	2.611051	2.578238	3.369018	3.196753	2.469957	2.012223	2.204176	1.348592	1.242771	1.099217	1.649646	1.428162	0.703827	1.122186	1.003241	1.004061	0.141914	0.296132	0.73828	0.932694	1.466716	0.792421	0.995038	0.602929	0.703827	0.456093	0.42082	0.52664	0.958124	0.638202	0.269062	0.437226	0.152578	0.532382	0.161601	0.546327	0.265781	0.507773	0.182109	0.172265	0.337968	0.136992	0.143554	0	0.71285	0.232968	0	0	0	0.296132	0	0.172265	0	0.664452	0.191953	0.188672	0.341249	0.159961	0.257578	0	0.179648	0.190312	0	0	0	0.152578	0	0	0	0	0.299414	0.136172	0.182929	0	0	0	0	0	0	0.173086	0	0.173086	0	0	0.296132	0.122226	0	0.298593	0	0.126328	0.146836	0.160781	0.146836	0.136992	0.284648	0.229687	0.488085	0.122226	0.137812	0.359296	0.116484	0.113203	0.133711	0.259218	0.111562	0.116484	0.524179	0.373242	0.481523	0.345351	0.253476	0.255937	0.284648	0	0.215742	0.413437	0.280546	0.307617	0.312539	0.15914	0.140273	0.354374	0.42246	0.586523	0.138633	0.250195	0.279726	0.129609	0.127148	0.128789	0.155859	0.241992	0.156679	0.379804	0	0.280546	0.140273	0	0.378984	0.134531	0.307617	0	0.170625	0	0.283828	0.241992	0.228047	0.215742	0.411796	0	0	0.123047	0	0.502851	0.139453	0.433945
7.963581	8.559948	10.282601	5.687218	10.983147	8.261354	13.506424	20.766999	38.263417	91.153803	183.97776	81.950732	34.71393	29.67804	15.617905	17.688371	17.005872	12.901855	14.985445	11.873185	12.641816	7.341785	7.838894	7.180184	7.055497	5.952178	6.66831	4.972727	4.055619	4.888235	4.314017	4.975188	4.566673	4.848039	4.046595	4.047416	4.218861	4.213939	4.633938	4.478079	4.214759	3.891556	3.791478	2.407613	2.938355	2.269801	1.734138	2.044216	2.273903	3.280425	0.989295	1.176326	2.516715	1.301834	1.381404	1.269021	1.200936	0.930233	0.917108	0.803085	0.302695	0.789139	0.1575	0.86953	0.520898	0.562733	0.662811	0.481523	0.300234	0.486445	0.89742	0.981913	0.638202	0	0.430663	0.155039	0.325664	0	0.172265	0.145195	0.283007	0.541405	0	0.367499	0	0.292031	0	0.173906	0	0	0	0	0	0	0.216562	0	0	0.530741	0	0	0	0.170625	0	0	0	0.202617	0	0.207539	0.182929	0	0.306796	0	0.214101	0.151758	0.319101	0	0.195234	0.160781	0.173906	0.214922	0.611952	0.161601	0	0	0	0.18457	0.170625	0	0	0	0.143554	0.15914	0	0.135351	0	0.34207	0	0.438046	0	0.122226	0.260039	0.130429	0.293671	0.255117	0.372421	0.120586	0.568476	0.137812	0.356835	0.123867	0.139453	0	0.384726	0.123047	0.405234	0.408515	0	1.019647	0.344531	0.293671	0	0.164062	0.49957	0.168984	0.748124	0.378163	0.224765	0.312539	0.147656	0.400312	0.149297	0.138633	0	0	0.332226	0	0.167343	0	0.461015	0.149297	0	0	0.134531	0.429023	0.328124	0.264961	0	0.419999	0.302695	0.128789	0.242812	0.229687	0.146015	0.362578	0	0.26332	0.127148	0.401952	0	0
5.247531	6.417295	6.855341	7.024325	7.056317	7.024325	10.941311	13.871463	26.126912	41.221459	81.950732	189.133416	75.161016	36.113381	23.935861	21.756294	20.721061	14.421071	15.279937	13.09955	10.322796	6.571513	9.01522	6.881591	7.724871	8.157995	5.364835	6.64124	5.067062	5.153195	6.253232	4.609329	4.34847	5.261476	5.149094	4.124525	4.852141	6.731474	5.163859	4.860344	3.455971	3.71765	2.39859	3.331284	3.423159	3.149175	2.611051	2.154958	3.280425	2.261598	2.216481	2.755425	1.675896	0.68578	0.926952	1.73906	1.7407	1.261639	0.805546	0.564374	0	0.665272	0.663632	0.654608	0.366679	0.593085	0.698905	0.338789	0.15832	0.256757	0	0.147656	0.808007	0.429843	0.60539	0.164062	0.34371	0.199336	0	0.460195	0.149297	0.285468	0.204257	0.387187	0	0.308437	0.161601	0.182929	0.400312	0.261679	0	0	0.378163	0.166523	0	0	0.21164	0	0	0	0.191953	0	0.28875	0.496288	0.201797	0.213281	0	0.219023	0	0	0	0.199336	0	0.159961	0	0	0	0	0	0.226406	0.214922	0	0	0.388828	0	0.194414	0.179648	0	0.166523	0.137812	0.302695	0	0.166523	0	0	0	0.65871	0.461835	0.319921	0.258398	0.136992	0.137812	0.155039	0.134531	0.261679	0.255117	0.150117	0.728436	0.376523	0.261679	0	0.419179	0.946639	0.259218	0.284648	0	0.319921	0.597187	0.241992	0.310078	0.472499	0.172265	0.175547	0.356835	0.31582	0.398671	0.118945	0.164883	0.155859	0.42246	0	0.146015	0.143554	0.28875	0.174726	0.136172	0.176367	0.426562	0.324023	0.1575	0	0.129609	0.141914	0.451991	0.346171	0.278906	0.766991	0	0.15914	0.271523	0	0.121406	0.308437	0	0.136992	0.138633	0.133711	0	0.156679	0
8.097292	6.189248	7.464832	6.928349	4.813586	5.980069	7.975886	14.763141	22.763636	24.761094	34.71393	75.161016	184.282916	83.090964	32.450692	28.509916	24.554376	19.009892	16.26185	14.096228	10.985608	6.683076	8.155534	5.272961	7.611668	5.51003	4.724993	5.393546	5.392726	5.954639	5.294289	3.551948	5.288546	5.759405	3.914525	5.449327	8.176042	6.447646	5.496085	3.694682	4.729094	2.728355	3.403471	3.207417	3.29601	2.680777	2.640582	3.82265	2.81941	2.123786	1.526599	1.465896	1.63488	2.190231	1.127108	1.138592	1.684099	0.596366	0.68578	1.050819	1.869489	1.416677	0.353554	0.697265	0.389648	1.263279	1.040975	0.721054	0.841639	0.682499	0.503671	0.472499	0.143554	0	0.160781	0.348632	0	0.212461	0.192773	0	0	0.151758	0.217382	0.205898	0.202617	0.164062	0.172265	0	0.213281	0.278906	0.516796	0.180468	0.200976	0.177187	0.243632	0	0.225586	0	0	0.225586	0	0	0	0	0.643944	0.227226	0.227226	0	0	0	0.344531	0.212461	0	0.169804	0.178828	0	0.219023	0.180468	0	0	0	0.363398	0	0	0	0	0.382265	0.323203	0.177187	0.146015	0.160781	0.178828	0	0	0.176367	0	0.175547	0.164062	0	0.412617	0.292031	0.293671	0	0	0.139453	0.542226	0.15914	0.155039	0.400312	0.696444	0.313359	0.148476	0.287929	0.413437	0.454452	0.305976	0.170625	0.127148	0	0.164883	0	0.551249	0.373242	0.189492	0.168164	0.424101	0.252656	0.525819	0.497929	0.598827	0.167343	0.155039	0.305156	0.153398	0.558632	0	0.375703	0	0.172265	0.503671	0.168164	0.276445	0.150937	0.481523	0	0.296953	0.204257	0	0.169804	0.144375	0.136172	0.257578	0.164062	0.406874	0	0.442148	0.284648	0	0.50121	0.260039
6.7487	5.98417	6.232725	6.874208	4.467415	8.238386	6.939833	14.44486	18.167433	22.767738	29.67804	36.113381	83.090964	187.740528	67.922589	40.201812	30.240773	17.535793	14.65568	14.376774	9.545141	9.616508	8.812603	6.372178	6.476357	5.972686	6.281123	7.192489	6.354131	4.696282	3.948158	4.905461	5.592062	5.87753	4.238548	5.56089	6.102295	5.679015	5.45671	4.715149	3.301753	4.880031	2.467496	3.590502	5.199953	2.203356	3.627416	2.365778	2.206637	3.011362	3.086011	1.13367	1.29281	1.270662	1.226365	1.23867	0.976991	1.730036	0.497109	0.58078	0.328945	0.171445	0.512695	0	0.565194	0.457734	0.287929	0.696444	0.813749	0.26414	0.486445	0.913006	0.692343	0.589804	0.311718	0	0.707108	0	0	0.1575	0.460195	0.293671	0.21082	0.199336	0.195234	0.15832	0	0.376523	0	0	0	0	0.194414	0	0	0	0	0	0	0.218203	0	0	0	0	0	0	0.219843	0	0.198515	0	0	0.205078	0.465116	0	0.173086	0	0.21164	0.348632	0.188672	0	0.221484	0	0	0.200156	0.203437	0.200156	0.18457	0	0	0	0	0.172265	0.34289	0	0	0	0.169804	0	0.164883	0.13289	0.141094	0	0.15914	0.138633	0.403593	0.524179	0.308437	0.299414	0.128789	0.134531	0.302695	0	0.556171	0	0.146836	0.442968	0.328945	0.246093	0.374062	0.319101	0	0	0.360937	0.367499	0.162422	0.273164	0.244453	0.169804	0.321562	0.724335	0.161601	0.750585	0.294492	0	0	0.140273	0.181289	0.292851	0	0.324843	0.487265	0.133711	0.146015	0.155039	0	0	0.196875	0.151758	0.328124	0.419179	0.26332	0.124687	0.15832	0.392929	0.281367	0.428202	0.137812	0.145195	0.161601	0.50203
4.785696	3.012183	4.788977	6.98495	6.211397	4.069564	7.87991	10.221078	13.554002	16.550599	15.617905	23.935861	32.450692	67.922589	192.36052	91.623021	39.417595	30.9446	14.170876	14.054392	15.982124	12.064317	7.093231	8.564869	7.520613	7.573934	6.35167	6.750341	7.304871	6.318857	6.556748	7.502566	6.164639	6.128545	5.998116	6.714247	6.073584	5.055578	5.540382	6.108037	4.767649	3.300932	2.401871	3.574096	2.273903	2.16234	2.101637	2.620894	2.707027	4.282025	1.398631	1.182068	1.198475	1.177967	1.562693	1.004881	1.018827	1.052459	0.864608	0.908085	0.514335	0.535663	0.534023	0.561913	0.589804	0.318281	0.749764	0.181289	0.509413	0.550429	1.183709	0.634921	0.867069	0.307617	0.649686	0.703007	0.92203	0	0.388828	0	0.159961	0	0.438867	0	0	0.164883	0.173906	0.588983	0.214922	0	0	0	0	0	0	0	0.227226	0.200156	0.462656	0	0.205898	0.386367	0	0	0.216562	0	0.228867	0	0.206718	0.18375	0.346992	0.214101	0	0.171445	0.180468	0	0	0	0.196054	0.485624	0.230507	0	0.445429	0.208359	0.212461	0	0	0	0.178828	0	0.324843	0.179648	0	0.152578	0.177187	0.57996	0.176367	0	0	0.277265	0	0	0.166523	0.433124	0.140273	0	0.160781	0.312539	0.538124	0.702186	0.15832	0.150117	0.434765	0	0.611132	0	0.34371	0	0	0.166523	0.168984	0	0	0.191133	0	0	0.127148	0.177187	0.167343	0.301875	0	0.625897	0	0.310078	0.187851	0.146015	0	0.457734	0	0.168984	0.168984	0	0.304335	0.161601	0	0.598827	0.205898	0.15832	0.171445	0.29121	0	0.520077	0	0.136992	0.293671	0.148476	0.143554	0.151758	0	0.523359
5.738897	3.132769	6.309834	7.137528	4.899719	3.072886	4.995695	7.136708	14.802516	15.804116	17.688371	21.756294	28.509916	40.201812	91.623021	184.05569	76.836911	35.672054	21.579927	18.95001	18.236339	8.061198	7.668269	7.167059	8.938931	8.496784	9.056236	6.552646	6.761825	3.987533	7.549324	7.614949	5.822569	5.010461	3.984252	5.777452	6.176943	5.748741	6.541982	5.64046	3.342768	3.471557	4.663469	3.469096	3.226284	2.230426	2.040114	2.095075	2.497027	0.969608	1.358435	1.434724	1.454412	1.286248	0.827694	1.253436	0.824413	1.022108	0.335507	0.588163	0.665272	0.520077	0.864608	0.682499	0.762889	0.618515	0	0.176367	0	0.667733	0.328124	0.308437	0.280546	0.44789	0.788319	0.341249	0.178828	0.207539	0	0.159961	0.465937	0.296953	0	0	0	0	0	0	0	0.273164	0.506132	0.176367	0.196875	0	0.476601	0.201797	0	0.388828	0	0.441327	0	0.374882	0	0	0.21	0	0	0.456093	0	0	0	0	0.235429	0.333046	0	0.159961	0	0.176367	0	0	0	0	0	0	0	0	0	0	0.173086	0.429843	0	0	0.346992	0.296132	0.172265	0	0	0.481523	0	0	0.285468	0.287109	0.645585	0	0.136172	0.264961	0.468398	0.303515	0.261679	0.272343	0	0.145195	0.42246	0.269882	0.148476	0.44871	0.166523	0.124687	0.252656	0.161601	0.164062	0	0.365038	0.371601	0.164062	0.415077	0.123867	0.34289	0	0	0.163242	0.456093	0.298593	0.150117	0.364218	0.283007	0.18375	0	0	0.164062	0.164062	0.270703	0.147656	0.156679	0.360117	0.145195	0	0	0.332226	0.141914	0.13289	0.126328	0	0	0.284648	0.144375	0	0.146836	0.327304	0
3.527338	4.148314	4.451829	4.606868	3.74226	4.503509	7.130145	7.605105	13.955134	18.307706	17.005872	20.721061	24.554376	30.240773	39.417595	76.836911	160.49225	71.180045	33.21194	25.137617	22.432231	11.326857	10.877327	9.536118	9.615688	10.545921	9.183384	10.302289	8.678893	8.984048	6.467334	6.738857	8.511549	6.529677	6.541982	6.765927	5.575655	7.518152	7.938972	6.175303	4.978469	2.386285	2.646324	3.281245	1.854724	2.995777	2.295231	3.863666	2.218122	2.200895	1.348592	1.139412	0.577499	1.135311	1.369099	0.691522	0.491366	0.57996	0.333046	0.583241	0.660351	0.515976	0.34371	0.94828	0.568476	0.920389	0.722694	0.524999	0.327304	0.927772	0.488905	0.611952	0.278086	0.444609	0.156679	0.338789	1.066405	0.205898	0	0.15832	0.462656	0.147656	0.423281	0.200156	0	0.15914	0	0.189492	0.206718	0	0	0	0.391288	0	0	0.200156	0	0.192773	0	0	0.198515	0.372421	0.298593	0	0	0.220664	0	0.226406	0.199336	0.177187	0	0.205898	0	0	0.521718	0	0	0	0	0	0	0	0.214922	0.200976	0	0.402773	0.18539	0	0.34371	0.284648	0	0.173086	0.344531	0	0	0.373242	0.340429	0.318281	0	0.133711	0.283828	0.142734	0.320742	0	0	0	0.155039	0.301054	0.259218	0.406054	0.456913	0.28875	0.279726	0.535663	0.146836	0	0.165703	0.123867	0.375703	0.640663	0.651327	0	0.181289	0.18457	0.326484	0.412617	0.123047	0.681679	0.645585	0	0.324843	0	0.148476	0.298593	0.361757	0.140273	0.730077	0	0	0.488905	0.163242	0.134531	0.587343	0.311718	0.178828	0	0.39621	0	0.164883	0.281367	0.13207	0	0	0	0.283007	0	0	0	0.324843	0.252656
5.144172	5.318898	4.412454	5.729874	3.129487	1.620115	4.839836	6.938192	10.760843	15.457124	12.901855	14.421071	19.009892	17.535793	30.9446	35.672054	71.180045	162.33795	65.110563	38.941814	37.069044	18.525088	11.263693	15.078141	11.877286	10.493421	9.387642	7.456629	9.860961	6.622372	11.309631	7.148192	9.491821	8.494323	8.14405	7.38116	8.082526	5.58878	7.887292	7.206434	6.40581	3.104878	3.503549	3.475659	2.631558	3.050737	1.957263	3.47976	2.328043	2.300973	1.653747	0.635741	1.771872	1.58238	0.916288	1.697224	0.547148	0.808007	0.743202	0.325664	0.736639	0.766991	0	0.604569	0.21082	0.34207	0.644765	0.390468	0.730077	0.591444	0.545507	0	0.620976	0	0.349453	0	0.198515	0.229687	0.835897	0.707929	0.172265	0	0.471679	0	0	0	0	0	0	0	0.279726	0	0.218203	0	0.26332	0.223125	0	0.430663	0	0	0.442148	0	0	0.286289	0	0	0	0.252656	0	0.197695	0	0	0.521718	0	0.581601	0.177187	0.23707	0.391288	0.21082	0.260859	0	0.196875	0.479062	0	0	0	0.206718	0	0	0.15832	0	0	0	0.164062	0.381445	0.415898	0	0	0	0.149297	0.15832	0.15914	1.072147	0.155039	0.301875	0.146836	0	0	0.144375	0	0.509413	0	0.155859	0.298593	0	0	0.36914	0	0.139453	0	0	0	0.202617	0.411796	0.182109	0.612772	0.547148	0	0.179648	0.324843	0	0.168164	0.164883	0	0	0	0.203437	0.164062	0	0	0	0	0.327304	0.521718	0.398671	0	0	0.511054	0.367499	0.470038	0	0.559452	0.178008	0.293671	0.1575	0.319921	0	0	0.181289	0.281367
4.542884	4.386204	5.520695	4.215579	4.286946	4.096634	7.102255	5.635538	11.119319	14.288181	14.985445	15.279937	16.26185	14.65568	14.170876	21.579927	33.21194	65.110563	175.945273	76.266795	44.771766	18.231417	12.186543	15.175758	15.252047	12.294825	10.452406	8.918424	10.100492	9.794516	9.325298	9.703461	7.076005	7.808543	7.642019	7.646941	6.018623	9.201431	8.903658	6.706865	4.724172	4.439524	4.808664	2.457652	3.713549	2.524918	2.022887	2.095075	1.954802	1.333826	1.306756	1.631599	1.145154	0.875272	1.568435	1.341209	1.153358	0.766171	1.615193	0.514335	0.582421	0.454452	0.302695	0.835897	0.50039	0.405234	0.76453	0.925311	0.576679	0.584062	0.430663	0.538944	0.490546	0.392109	0.275625	0.149297	0.626718	0.182109	0.495468	0.698905	0.136172	0.130429	0.372421	0	0	0.280546	0.147656	0	0	0.238711	0	0.463476	0	0.151758	0	0	0.192773	0	0.392929	0	0	0.492187	0	0	0.18375	0	0	0.199336	0.175547	0.312539	0.295312	0	0	0.145195	0	0.279726	0.187031	0.154219	0	0	0	0.465937	0	0	0.180468	0	0	0	0.757968	0.50121	0	0	0.303515	0.129609	0	0	0.150117	0.280546	0.292031	0.118125	0.124687	0	0.141094	0.245273	0	0.115664	0.136992	0.265781	0.34289	0.118945	0	0	0.246093	0.471679	0.129609	0.13125	0.146015	0.326484	0.110742	0.141094	0	0.1575	0.319921	0.324843	0.143554	0.121406	0	0.300234	0.426562	0.127969	0	0.531562	0.391288	0.26332	0.319101	0	0	0.129609	0.147656	0	0	0	0.258398	0	0.1575	0.254296	0	0.269062	0.435585	0.123867	0.116484	0.552069	0	0.116484	0.124687	0	0.243632	0.128789	0	0.444609
3.762768	4.519095	3.428901	2.807925	3.891556	4.748782	3.838236	6.847138	14.850914	14.247165	11.873185	13.09955	14.096228	14.376774	14.054392	18.95001	25.137617	38.941814	76.266795	168.168722	73.879689	23.93258	16.467748	13.110214	16.26349	13.33744	12.316973	10.561507	12.164395	11.9142	8.007058	8.464791	6.998895	8.314675	6.630576	8.01198	7.869246	7.584598	11.151311	6.82745	6.82745	5.252453	4.422298	4.549446	3.339487	2.580699	1.738239	2.060622	2.068005	2.316559	1.201756	1.834216	1.859646	0.561913	1.220623	1.506912	0.810467	1.004881	0.495468	0.867069	0.327304	0.852303	0.169804	0.402773	0.937616	0.304335	0.716132	0.867069	0.324023	0.524999	0.323203	0.60621	0.827694	0.293671	0.310078	0.503671	0.703827	0.204257	0.927772	0.628358	0.458554	0	0	0	0	0.47332	0.331406	0	0.205078	0.268242	0	0.173906	0	0	0.234609	0	0	0.191133	0.220664	0	0.196054	0	0.296132	0	0.206718	0	0.437226	0	0	0.175547	0	0.408515	0	0	0	0.156679	0.21082	0.173906	0.187851	0	0	0	0	0	0	0.199336	0.367499	0.155859	0.511054	0	0.155039	0.171445	0.341249	0	0.169804	0	0.506132	0.1575	0	0.13207	0.280546	0.282187	0	0.137812	0.401952	0.521718	0	0.298593	0	0.133711	0.602929	0.142734	0.277265	0.397851	0.437226	0	0	0.366679	0.247734	0.15832	0.483984	0.530741	0.359296	0.182929	0.323203	0.136172	0.242812	0.168984	0	0.287929	0	0.44871	0	0	0.538124	0.417538	0.180468	0.146015	0.165703	0.161601	0.323203	0	0.436406	0	0.177187	0.285468	0.196054	0.150937	0.163242	0.278086	0.2625	0.123867	0	0.130429	0.140273	0.141914	0.136992	0.144375	0.643124	0.250195
2.894878	2.766089	3.665151	3.308315	2.495387	2.971167	4.409993	5.993194	12.540098	15.231539	12.641816	10.322796	10.985608	9.545141	15.982124	18.236339	22.432231	37.069044	44.771766	73.879689	159.082135	47.670746	26.2516	24.045783	17.362707	15.291421	15.650718	11.731271	13.249667	11.778849	9.932328	12.275957	11.423654	7.049755	8.657565	9.546782	8.427877	7.674832	11.422834	5.74628	5.674913	3.772611	2.79398	3.792299	3.447768	3.590502	1.680818	1.981872	1.856364	2.323942	1.438826	1.520037	1.283787	1.009803	1.095936	0.73828	0.436406	1.15992	0.889217	0.908085	0.587343	0.917928	0.457734	1.083631	1.515935	0.682499	0.514335	0.934334	0.436406	0.471679	0.145195	0.680038	0.123867	0.39539	0.417538	0.602929	0.63246	0.18375	0.166523	0	0.136992	0.13125	0	0	0.349453	0.141914	0	0.168164	0.36832	0.481523	0.446249	0.155859	0.173906	0	0.21	0	0	0	0	0.584882	0.176367	0	0	0.228047	0	0	0.196054	0	0	0.1575	0	0.182929	0	0.146836	0.154219	0	0.566835	0.155859	0	0.415898	0.197695	0	0.191133	0.178828	0	0	0.164883	0.418359	0	0	0	0	0	0.261679	0	0.165703	0	0.141914	0	0.23789	0	0	0.142734	0.246914	0.721874	0	0.137812	0.535663	0.230507	0.360937	0.406054	0	0.124687	0.23789	0.13125	0.39621	0	0.768632	0.111562	0.142734	0	0.15914	0.483984	0.164062	0.145195	0.244453	0.327304	0.454452	0.143554	0.129609	0.433124	0	0.13207	0.530741	0	0.250195	0	0.261679	0.149297	0.145195	0.29039	0	0.522538	0.138633	0.477421	0.384726	0	0.543046	0.293671	0.124687	0.235429	0	0.424921	0.234609	0	0.255117	0	0.129609	0.28875	0.672655
4.044955	3.503549	2.621715	3.521596	2.789058	3.03187	2.92687	5.152375	9.88475	12.215254	7.341785	6.571513	6.683076	9.616508	12.064317	8.061198	11.326857	18.525088	18.231417	23.93258	47.670746	203.806323	71.650084	57.708074	30.283429	18.702276	12.548301	13.111034	12.20459	13.617987	10.370374	8.983228	9.894594	10.196468	8.315495	9.354009	8.310573	8.716627	8.892994	9.133345	3.424799	5.138429	2.958042	2.282106	3.685658	4.271361	2.684058	2.067184	2.204176	1.777614	1.205857	1.415857	1.435545	1.269021	1.496248	0.962225	0.97617	1.440467	0.661991	0.29039	0.820311	0.170625	1.023748	0.538124	0.753046	0	1.149256	0.695624	0.162422	0.79078	0.486445	0.151758	0.415077	0.442148	0.777655	0.337148	0.353554	0.205078	0.372421	0.1575	0.612772	0.293671	0.42082	0.397851	0	0.31664	0.166523	0.376523	0	0.269062	0	0	0	0	0.234609	0	0.217382	0.191953	0	0	0	0	0.593905	0	0	0	0	0	0	0.176367	0.333046	0.614413	0	0	0.173086	0.315	0	0	0	0	0.220664	0.175547	0.213281	0.200156	0	0.200156	0.18457	0.155859	0.170625	0.424101	0.155859	0.172265	0	0	0.340429	0	0	0.15832	0	0.13289	0.42246	0.283007	0	0.137812	0.134531	0.523359	0.154219	0.299414	0.257578	0.269062	0.453632	0.143554	0.416718	0.13289	0	0.590624	0.164062	0.490546	0.497929	0.15914	0	0.532382	0.180468	0.182929	0.648046	0.273164	0.243632	0.168984	0	0.723514	0.323203	0.300234	0	0.148476	0.359296	0	0.181289	0.292031	0.166523	0	0.324023	0.534023	0.438046	0.155039	0	0.287109	0	0	0.164062	0.139453	0.26332	0.124687	0.15832	0.261679	0.140273	0.142734	0.411796	0.435585	0	0.50121
1.664411	2.544605	3.708627	3.623315	2.296051	1.931013	3.803783	4.77175	5.920186	8.423776	7.838894	9.01522	8.155534	8.812603	7.093231	7.668269	10.877327	11.263693	12.186543	16.467748	26.2516	71.650084	202.419177	94.304619	34.789399	23.556057	20.344539	16.26185	12.389981	12.610644	9.768266	9.075103	8.702682	11.604123	10.577913	8.873306	8.266276	6.833192	7.527176	7.488621	3.784916	4.067103	3.043355	4.193431	2.930152	5.327921	1.794841	3.342768	2.13445	2.250934	1.654568	2.039294	1.919528	1.596326	1.400271	2.404332	1.171404	1.18535	0.511054	0.149297	1.351053	0.52746	0.52664	0.830975	1.355974	0.940897	0.442968	0.716132	0.50203	0.542226	0.666913	0.312539	0.427382	0.757968	0.639843	0.520077	0.182109	0.21082	0.191953	0.162422	0.315	0	0	0.204257	0	0.163242	0	0.193593	0.21164	0	0	0	0.400312	0	0.241992	0.204257	0	0.39457	0.228047	0.223945	0.202617	0	0	0	0	0	0	0.231328	0	0	0	0	0	0	0.178008	0.162422	0.652147	0	0.193593	0	0	0.360937	0	0	0	0.205898	0	0.481523	0	0.29039	0.319921	0.177187	0	0	0.174726	0.381445	0.348632	0.325664	0.168984	0.136992	0	0	0.164062	0.284648	0.415077	0.538944	0.15832	0.308437	0.530741	0.415077	0.155859	0.147656	0	0.273984	0.451171	0.303515	0.168984	0.252656	0.255937	0.164062	0.333046	0	0.18539	0.377343	0.166523	0	0.376523	0	0	0.148476	0.332226	0.462656	0	0.457734	0.36996	0	0.187031	0	0	0.50039	0.333867	0.274804	0.300234	0	0.182929	0.147656	0	0	0	0.143554	0	0	0.652147	0.134531	0	0.146836	0.283007	0.298593	0.165703	0.515976
1.524959	2.524918	2.007302	2.157419	2.453551	2.720972	2.323121	5.66589	8.759283	8.3278	7.180184	6.881591	5.272961	6.372178	8.564869	7.167059	9.536118	15.078141	15.175758	13.110214	24.045783	57.708074	94.304619	177.824606	58.744127	26.894724	21.680826	16.587513	13.342362	15.115875	12.526973	13.854236	10.377757	10.919983	9.546782	11.846935	9.921664	8.736315	7.569832	8.203933	4.781594	5.58714	3.407573	2.458473	3.947338	2.561832	1.89656	2.922769	3.054839	2.061442	1.894099	1.601248	1.081991	1.727575	0.89742	1.036053	1.072967	0.543046	0.624257	0.273164	0.773553	0.322382	0.321562	0.761249	1.419138	1.58074	0.406054	0.819491	0.612772	1.365818	0.152578	0.286289	0.782577	0.416718	0.439687	0.475781	0.333046	0.192773	0.702186	0.743202	0.721874	0.137812	0	0.187031	0	0.298593	0.313359	0.177187	0.193593	0	0	0.164062	0	0.161601	0	0.187031	0.205078	0.180468	0	0	0	0.348632	0	0.480702	0.195234	0	0	0	0	0.165703	0	0	0	0.155039	0.163242	0.148476	0.199336	0	0	0	0	0	0.200976	0	0.383085	0	0	0	0.160781	0.266601	0.293671	0	0	0.275625	0	0	0	0	0	0.250195	0.13289	0.266601	0.150117	0.390468	0.379804	0.246914	0.145195	0.423281	0.242812	0.506952	0.428202	0.270703	0.13125	0	0	0.278086	0.155039	0.231328	0.469218	0.599648	0.152578	0	0	0.345351	0.152578	0.643124	0.344531	0	0.150937	0.136172	0.456093	0	0.138633	0.139453	0.169804	0.26332	0.170625	0.137812	0.156679	0.152578	0.152578	0.125508	0.274804	0.292031	0.167343	0	0.18539	0.286289	0.154219	0.52664	0.247734	0.234609	0.149297	0.246914	0.264961	0.134531	0.129609	1.369099	0.456093	0.23625
2.905542	1.008983	2.407613	3.104058	2.731636	2.969527	3.3198	5.551866	5.925108	7.128505	7.055497	7.724871	7.611668	6.476357	7.520613	8.938931	9.615688	11.877286	15.252047	16.26349	17.362707	30.283429	34.789399	58.744127	157.679403	69.171923	35.570335	25.509218	21.997466	20.009031	17.740871	15.519468	15.475991	16.34306	12.736152	12.885449	13.161073	9.350728	11.380998	8.386862	5.21882	5.549405	4.346009	3.512573	2.953941	2.789878	2.629097	3.327182	2.159059	2.812027	1.968747	1.525779	1.124647	1.381404	1.066405	0.942538	0.955663	0.987655	0.486445	1.278045	0.964686	0.50203	0.835897	0.79078	1.10578	1.045076	0.281367	0.852303	0.15914	0.903163	0.793241	0.148476	0.406874	0.577499	0.152578	0	0.173086	1.004061	0.365038	0.463476	0.450351	0.143554	0.205898	0	0	0.310078	0.325664	0	0	0.26332	0	0.511874	0.380624	0	0	0.194414	0	0.187851	0.217382	0	0	0.362578	0	0.50039	0	0.214922	0.429843	0	0	0	0	0	0.227226	0	0.338789	0.308437	0	0.170625	0.36832	0	0	0	0	0.391288	0	0	0	0.152578	0.334687	0	0.305156	0.168984	0	0.286289	0.166523	0	0.165703	0.310078	0.160781	0.260039	0.275625	0	0	0.135351	0.39539	0.384726	0.754686	0.146836	0.252656	0	0.148476	0.140273	0.408515	0.391288	0.859686	0.578319	0.160781	0.360937	0.243632	0.311718	0.15832	0.173906	0.176367	0.359296	0.31746	0.133711	0.238711	0.663632	0.314179	0.424921	0.15832	0	0.28875	0.29039	0	0	0	0.143554	0.488905	0.31746	0	0.130429	0.142734	0.151758	0.173906	0.140273	0	0	0.320742	0.136992	0.386367	0	0.465116	0	0.137812	0.278906	0	0	0.15832	0.245273
2.027809	2.435504	2.112301	1.891638	3.395268	2.326403	2.647965	4.0589	4.912844	5.025227	5.952178	8.157995	5.51003	5.972686	7.573934	8.496784	10.545921	10.493421	12.294825	13.33744	15.291421	18.702276	23.556057	26.894724	69.171923	174.06758	71.689459	35.886975	24.998984	21.456881	19.613641	22.459301	13.029823	12.2817	11.04467	14.60236	11.75588	10.850257	12.0192	6.592021	7.22202	3.396909	5.295929	4.378001	3.959642	2.364137	2.883394	3.648744	2.646324	3.08437	2.159059	1.064764	1.849802	1.2116	1.315779	0.885936	0.698905	2.32066	1.067225	1.246053	1.234568	0.551249	0.916288	0.867889	0.808827	0.164062	0.462656	0.374062	0.524179	0.424921	0.87035	0.326484	0.296953	1.10824	0.167343	0.904803	0.189492	0.660351	0	0.677577	0	0	0.225586	0.854764	0.419179	0.169804	0	0	0.663632	0	0	0	0	0.18375	0	0.427382	0	0.411796	0	0.233789	0	0	0	0	0	0	0	0.241171	0	0	0	0	0	0.352734	0.18539	0	0	0	0	0	0	0	0	0	0.436406	0	0.39621	0.167343	0	0.60703	0.167343	0.18539	0.36832	0.156679	0	0	0	0	0	0.285468	0.150937	0.304335	0.34207	0.148476	0.433124	0.42164	0.331406	0.321562	0.277265	0.577499	0	0	0.298593	0.429023	0.1575	0.475781	0.176367	0.26332	0.133711	0.512695	0.173906	0.190312	0.58078	0	0.173906	0.586523	0.524179	0.182109	0.516796	0.155039	0	0.160781	0.63246	0.478241	0	0.150117	0.195234	0.156679	0	0	0.173906	0	0	0.333046	0	0	0.423281	0.163242	0.176367	0.450351	0.282187	0	0	0.140273	0.150937	0.153398	0.147656	0.155859	0.173086	0.269062
2.732457	1.044256	4.565852	2.8998	3.062222	1.097576	2.92687	4.569134	4.672493	3.950619	6.66831	5.364835	4.724993	6.281123	6.35167	9.056236	9.183384	9.387642	10.452406	12.316973	15.650718	12.548301	20.344539	21.680826	35.570335	71.689459	180.876984	64.160642	34.632719	26.069491	20.353562	19.863836	15.365249	17.02638	13.598299	14.072439	9.475415	11.918302	11.447443	6.870106	5.624054	5.674913	3.330464	3.510932	4.881672	3.443667	3.229565	2.432223	3.613471	1.731677	2.206637	2.152497	1.81781	1.428982	1.551209	1.567615	1.648005	1.094295	0.629179	0.734999	0	0.433124	0.432304	0.681679	1.430623	0.965506	0.364218	0.440507	0.823592	1.0016	0.205078	0.770272	0.175547	0.187031	0.591444	0.426562	0.89496	0.519257	0.943358	0.598827	0.388007	0	0.266601	0.503671	0.247734	0	0	0.238711	0.782577	0.341249	0	0	0.985194	0	0	0	0.275625	0	0.280546	0	0	0	0	0.323203	0	0	0	0	0	0	0	0.259218	0	0	0.657069	0.199336	0	0	0	0.294492	0	0	0	0	0	0	0	0	0	0	0	0	0.217382	0	0	0.234609	0	0.401132	0.208359	0	0.178828	0.179648	0.201797	0.875272	0.511054	0.497109	0.585702	0	0.489726	0	0.383085	0	0	0.337148	0.18539	0.187031	0.416718	0.466757	0.47332	0	0	0.449531	0.228047	0	0.205078	0.519257	0.309257	0.214922	0.406054	0.182929	0.204257	0.379804	0.186211	0.375703	0	0.177187	0.229687	0	0	0.205078	0	0.506952	0.36996	0.196054	0.224765	0	0.249375	0.191953	0	0.177187	0.166523	0	0.200976	0.165703	0.71203	0.180468	0.521718	0.18375	0.204257	0
