313.972599	95.727782	37.26618	28.696314	30.620631	32.471821	42.049036	27.045609	12.563932	8.938789	10.751361	6.007123	6.82467	4.430366	7.896108	4.531429	6.158307	2.971106	2.879902	0.889031	5.581505	2.626832	3.377825	4.127997	3.809194	3.770577	3.211029	3.595564	1.907884	2.33761	6.44753	2.861004	2.367189	3.055736	3.170768	2.174922	4.116493	2.892227	2.924272	2.100151	2.535629	2.759119	0.482312	1.445292	3.850277	0	1.676999	1.349158	1.513489	0.427261	1.926782	1.281782	0	1.693432	0.801114	1.221802	0	0.812617	0.995025	1.322044	1.370521	1.406674	0.993381	1.645776	0	0.448624	0	0.936687	0.465057	2.704068	0.459305	1.299859	0.399325	0	0	0.474917	0.504496	0.570229	0.513535	0	0.912037	0	0.598987	0	0	1.360661	1.407496	0	0	0	1.372164	0	0	0	0	0	0.629388	1.113343	0	0	0	0	0	0	1.207833	0.593235	0.649108	0.597343	0	0	0	0	0	0.477382	0.480668	0	0	0	0.534076	0	0	0	0	0	1.103483	0	0	0.442872	0	0	0	0.487242	0.955585	0	0	0	0	0	0	0	1.195509	0.421509	0.46177	0.414114	0	0.776464	0.84877	0	0.762496	0.400146	0.442872	0	0.421509	0.400968	0.889031	0.914502	0	1.46419	0	0	0	0.525038	0	0	0.48149	0.392751	0.365637	0	0.462592	0	0	0	0.428904	0	0	0	0	0	0	0	0	0	0	0	0	0	0	0	0.97777	0	1.165107	0	2.264482	0	0	0	0	0.420688	0	0
95.727782	219.084549	76.348218	45.112167	39.933273	73.990889	50.310781	25.970062	17.401839	10.608393	8.154108	6.89451	7.120466	6.147626	6.445065	5.957002	5.460722	4.701512	2.403342	4.220022	6.405625	4.796002	3.17159	5.125486	1.236591	1.032821	1.172502	1.500343	1.393528	2.390196	1.883234	3.482176	2.07468	2.231616	1.322865	2.859361	1.803534	1.810107	1.830648	1.533209	2.116584	2.3031	1.409961	1.055006	1.054184	1.380381	1.224267	2.298992	1.658101	1.247273	0.562834	1.248095	0.924362	0.927649	0.877528	2.082075	1.777241	0.593235	0	1.609623	2.001553	0.684439	0	0.60063	1.177432	1.636738	0.623636	0	0	0.846305	0	0.632675	0.291688	1.536496	1.010636	0	0.368923	0	0	1.058292	0.33277	0.313051	0	0.83398	0.81919	0.331127	0.34263	0	0.424796	0	0	0.36728	0	0	0	0	0	0	0.457662	0	0	0	0	0.534898	0	0	0	0	0	0	0.670471	0	0	0	0	0	0.901356	0	0.390286	0	0	0	0.852878	0	0	0	0	0	0	0.870955	0.34263	0.355777	0	0.305656	0.363993	0	0	0	0	0	0	0	0.3377	0	0.592414	0.283471	0.309764	0.672936	0	0	0	0.308942	0	0.292509	0.324554	0	1.052541	0.267038	0.271968	0.345917	0.693477	0.382891	0.380426	0.393573	0.351669	0	0.267038	0.359063	0	0.305656	0	0.312229	0	0	0	0.598987	0	0.97777	0	0	0	0	0	0.328662	0	0	0	0	0.35742	0	0	0	0	0	0.578445	0.626101	0	0	0	0
37.26618	76.348218	209.012697	94.213471	70.841484	61.592931	53.977829	29.263257	17.058387	8.279	8.403891	8.993018	6.811523	7.034192	5.014563	3.453418	4.749168	5.346512	4.441047	3.105036	3.544621	1.946502	4.597162	3.670335	2.150272	3.89136	3.398367	1.957183	1.515133	2.375406	1.91117	2.42224	1.804355	1.109235	2.589036	1.658101	2.091113	2.361438	1.856941	1.600585	1.610445	2.003196	0	1.223445	1.833935	1.920209	0.798649	1.713973	0.720592	1.626878	1.223445	1.628521	1.07226	0	0.508605	1.293286	0.926827	0.516	0.94819	0.839732	0.290044	0.893139	0.946547	0.522573	0.682796	1.138814	0.271146	1.189757	2.066463	1.226731	0.582554	0	0	0.267038	0	0.301548	0.640891	0.723878	0	0.306477	0.289223	0.271968	0.380426	0	0	0	0	0	0.368923	0	0	0	0	0	0	0	0	0	0	0.385356	0.34756	0.349204	0.528324	0	0.383713	0	0	0.758388	0	0.319624	0	0.378783	0	0	0	0	0	0.307299	0	0	0.405898	0	0	0	0	0	0.335235	0	0	0.252248	0	0.308942	0.303191	0.532433	0.316337	0.334414	0	0.291688	0.603917	0	0.50614	0.26786	0.293331	0.26293	0.515178	0.73949	0.269503	0.585019	0.242388	0.508605	0	0.268681	0.26786	0	0.282649	0.290866	0.304834	0.465057	0	0.601452	0.301548	0.333592	0	0.684439	0.305656	0.248962	0.465057	0.312229	0	0	0.612955	0.271968	0	0	0.338522	0.260465	0	0.566942	0.308942	0.302369	0.287579	0	0.514356	0	0	0	0.346739	0	0.310586	0.257178	0	0	0.575159	0.24321	0	0	0	0.267038	0	0
28.696314	45.112167	94.213471	219.784599	106.091322	47.529477	34.831615	29.728313	14.654224	11.647787	9.501623	9.585432	6.845211	4.806684	5.929065	6.652122	6.176384	6.005479	4.726162	3.688411	5.852651	3.353176	2.772265	2.371297	4.052404	4.210984	4.098417	2.622724	2.131374	1.790387	3.566806	3.347424	0.906286	3.064775	1.445292	3.331813	2.889762	2.109189	1.865979	2.41238	1.618661	2.013056	0.616242	1.230018	2.457571	1.688502	2.140412	2.870864	0.966267	1.090337	0.983521	0.545579	0	0.540649	1.789565	1.559502	1.863514	1.556215	0.63514	0.84384	0.583375	1.197152	0.950655	1.575113	1.028713	0.572694	0.544758	0.598165	0.296618	0.246497	0.58584	0.276076	0.254713	0.805222	0.294153	0.606382	0.644178	0	0.983521	0.617063	0.290866	0.820012	0.38207	0.363993	0.358242	0.579267	0	0.700872	0	0	0	0.321267	0	0	0	0.732917	0.401789	1.065687	0.399325	0.387	0.349204	0	0	0.934222	0	0	0	0.381248	0	0	0.58584	0	0	0.304834	0	0.295796	0	0	0	0	0	0	0	0	0.35249	0	0	0	0	0.253892	0.598987	0.932579	0	0.534898	0.635961	0	0	0.58584	0	0	0	0	0.589949	0.528324	0.258821	0.495458	0.271146	0	0.97284	0.51107	0	0.539006	0.538184	0	1.135528	0.291688	0.613777	0.23335	0	0	0	0.669649	0	0.687726	0	0	0.700872	0	0	0	0	0	0	0	0	0.261286	0.3377	0.285114	0	0	0	0.262108	0	0	0	0.260465	0	0	0.312229	0.258821	0	0.474095	0.578445	0.244853	0	0	0.249783	0.268681	0.294974	0.910394
30.620631	39.933273	70.841484	106.091322	220.096006	97.233877	40.762324	25.873928	15.542433	8.28393	12.461226	5.542066	8.044828	3.814124	7.332453	5.527276	2.524947	4.26357	4.722875	2.870864	4.863378	4.3975	3.462456	2.073037	3.948054	3.043412	3.455883	1.47405	1.711508	3.019584	2.15931	1.368056	1.359018	3.758252	0.649929	2.497011	3.248825	1.482266	0.898891	2.109189	1.559502	2.545488	1.038572	0.345917	1.726298	1.084585	2.105081	1.613731	1.086228	0.919432	1.934998	0.306477	0.908751	1.215228	1.724655	1.460903	0.349204	0.875063	0.714019	0.316337	0	0.672936	0.712375	1.475693	0	0.965445	1.530744	0.336057	0.333592	0.276898	0.658146	0.310586	0.286758	1.207833	0.331127	0	0	0.409184	0	0.693477	0.327019	0.307299	0	1.229196	0	0.325376	0	0	0	0	0	0	0	0	0.48149	0	0	0.399325	0.449445	0	0	0	0	0	0.433834	0	0	0	0	0	0	0	0	0	0	0	0	0	0.382891	0	0	0.363993	0.419044	0	0	0.417401	0	0.317981	0	0	0	0	0	0	0	0.377961	0.705802	0.329484	0.681974	0.283471	0	0.604738	0.331127	0.297439	0.290866	0.557082	0.304834	1.322044	0.273611	0	0	0	0.302369	0	0	0.32784	1.034464	0	0	0	0.681152	0	0.373853	0	0.345095	0.281828	0.787968	0	0.331949	0.60063	0	0.920254	0	1.000776	0	0	0	0.320446	0	0.682796	0	0.294974	0.290866	0.322911	0	0.293331	0.783038	0	0	0	0.278541	0	0.324554	0.549687	0.284293	0	0	0.301548	0.331127	0
32.471821	73.990889	61.592931	47.529477	97.233877	209.082538	71.922782	36.990925	16.244949	12.696219	9.397273	9.995438	7.200988	6.04081	3.694163	4.118958	3.498609	3.376182	3.271832	3.283335	3.851099	4.974302	3.015475	2.345004	3.126399	1.606336	3.64815	2.335145	2.168349	2.124801	1.709865	1.625234	2.151915	2.727896	2.830603	2.471539	1.169216	1.408317	3.085316	1.431324	2.469896	2.463323	0.822477	1.641667	0.547222	1.288356	1.667139	1.022139	1.504451	1.455973	1.094445	1.699183	0.718948	0.962158	0.682796	1.156891	1.382024	0.923541	1.413247	0.750993	1.038572	0.532433	0.846305	0.700872	0.61049	1.018853	1.212763	0.532433	0	0.219382	0.260465	0.492172	0.226777	0.239102	0.524216	0.539828	0	0.323732	0.583375	0.548866	0.258821	0.24321	0	0.324554	0	0	0	0	0	0.464235	0.779751	0	0	0	0.381248	0	0	0	0	0.689369	0	0	0.472452	0	0.343452	0	0.368923	0	0.312229	0	0	0	0	0	0.273611	0	0	0	0.303191	0	0.363172	0.288401	0	0	0	0	0	0.251427	0.287579	0	1.065687	0	0	0.23828	0	0	0	0.52093	0	0	0	0.239102	0.525038	0.234993	0.691834	0	0.240745	0.262108	0.433012	0	0.251427	0.239923	0	0.227599	0.252248	0.519286	0	0.623636	0.211165	0.268681	0.539006	0.298261	0	0.305656	0.273611	0.222669	0.415758	0.279363	0	0.237458	0.274433	0	0	0.528324	0	0.465879	0	0	0.552974	0.270325	0	0.23335	0	0	0	0	0.309764	0	0	0.690191	0.221025	0.211165	0	0.435477	0.225134	0.24321	0.668006	0.477382	0.262108	0
42.049036	50.310781	53.977829	34.831615	40.762324	71.922782	188.530471	87.90398	32.5507	21.425486	15.535038	11.838411	8.584655	7.541153	7.089243	7.713701	6.454925	6.976676	2.897979	6.262657	4.680971	4.111564	3.965309	2.66545	2.980966	3.319488	2.513444	3.317023	1.96047	1.646597	2.775552	2.798558	2.223399	1.024604	2.658877	2.80924	3.141189	3.39508	2.697495	1.971973	1.913635	1.619483	1.700005	1.696718	0.847127	2.662163	1.476515	1.319579	1.110056	1.503629	1.58333	1.003241	0.495458	0.745241	0.469987	0.478203	1.142923	1.193044	0.876706	0	0.536541	0.275255	0.875063	0	0.631031	0.26293	0.751815	0.549687	0	0.680331	0.808509	0	0.703337	0.247318	0	0.557904	0.296618	0.668827	0	0	0.802757	0.502853	0	0	0	0.266216	0	0	0	0	0.402611	0.886566	0	0	0.394395	0.673757	0	0	0.36728	0.355777	0.643356	0.322911	0	0	0.354955	0	0	0	0	0	0.538184	0	0	0.280184	0	0	0.36235	0	0.626923	0	0	0	0.34263	0	0	0	0.309764	0.520108	0	0.4667	0	0	0	0	0.292509	0	0	0.807687	0	0.69512	0.701694	0.247318	0	0.48642	0.71484	0.683617	0	0.270325	0.894783	0.70498	0.259643	0.24814	0.247318	0.234993	0	0.536541	0.281828	0.429726	0	0	0	0.308121	0	0	0.282649	0.230064	0	0.288401	0	0.245675	0	0.752636	0.251427	0.545579	0	0.48149	0.931757	0.786324	0	0.279363	0	0	0.237458	0.528324	0.604738	0.239923	0.320446	0.822477	0	0.475738	0.456019	0.436299	0	0.225134	0	0	0	0	0.271146	0
27.045609	25.970062	29.263257	29.728313	25.873928	36.990925	87.90398	213.627935	63.208305	29.618212	23.643955	15.228561	11.854844	12.520385	6.716211	8.338981	9.539419	7.160727	9.191859	7.303695	5.764734	7.76793	2.854431	5.426212	3.894647	3.407405	1.758343	2.700781	2.821565	1.229196	3.39015	2.819921	4.045009	4.016252	3.571736	3.145297	4.058156	2.443603	4.39257	2.483864	2.381157	3.627609	1.585795	3.165838	2.214361	1.987584	1.377094	1.182362	2.983431	0.561191	0.760031	2.808418	1.386954	1.668782	2.895514	1.338477	0.959693	1.870088	0.327019	1.158534	0.299904	0	0.326197	0.540649	0.353312	0.884101	0	0.923541	0.305656	0.761675	0.301548	0.569407	1.313005	0.552974	0	0.312229	0	0.374675	1.013101	0.317159	0	0	0	0	0	0	0	0	0	0.536541	0	0	0.373853	0	1.764916	0	0	0.732095	0.411649	0	0.359885	0	0	0	0.39686	0.779751	0	0	0	0	0	0	0	0	0.316337	0	0	0	0	0	0	0	0	0.37221	0	0	0	0	0	0	0.616242	0	0.313872	0.825764	0	0	0	0	0	0	0	0	0.303191	0	0	0.765783	0	1.513489	0	0.789611	0.290866	0	1.107591	0	1.169216	0	0.947369	0.240745	0	0.311407	0.312229	0	0	0	0.632675	0	0	0	0.911216	0.275255	0	0	0	0	0.350847	0.539006	1.042681	0.293331	0.320446	0	0	0.269503	0	0.295796	0	0.268681	0.359063	0	0.321267	0.266216	0	0	0.297439	0.251427	0	0	0	0.82905	0	0.469165
12.563932	17.401839	17.058387	14.654224	15.542433	16.244949	32.5507	63.208305	176.337927	71.988515	40.433661	30.492453	20.230799	18.636787	13.995256	17.774871	14.752822	16.04693	13.563887	10.361074	12.466156	13.438174	6.309492	7.50993	7.940478	5.358836	4.563474	4.380245	4.881455	3.455061	4.15429	4.065551	3.768112	5.210938	2.317068	2.967819	3.510112	3.75743	5.461543	5.729403	5.354728	4.257818	1.92103	2.190533	3.009724	3.867532	3.335921	1.022961	2.151094	0.971197	1.752591	1.700005	1.199617	0.722235	2.049209	1.621126	0.552974	1.386133	0.84877	0.751815	0.519286	0.799471	0.564477	1.169216	0.305656	0.764961	1.212763	0.798649	0.528324	0.658968	0.521751	0.492172	1.135528	1.43461	0	1.34998	0.286758	0.323732	0	0	1.036929	0.487242	0	0	0.637605	0	0.267038	0.312229	0	0	0	0	0	0	0.38207	0	0	0	0	0	0	0	0	0	0	0	0	0	0	0	0	0	0	0.271146	0.547222	0.263751	0	0.549687	0	0	0	0	0.331949	0.322089	0	0	0.299904	0	0.287579	0	0	0	0	0.23828	0.283471	0.299083	0.279363	0	0.270325	0	0	0.479025	0.787968	0.470809	0.460949	0	0.482312	0.262108	0.433012	0.227599	0.251427	0.239923	0.239923	0.683617	0	0.259643	1.092802	0.416579	0.63514	0	0	0	0	0	0	0.222669	0	0.558726	0	0.23828	0.274433	0.24321	0	0	0.606382	0.23335	0	0.253892	0.276898	0	0.514356	0.4667	0	0.255535	0.292509	0.464235	0	0.796184	0	0.230064	0.221025	0.211165	0.257178	0.217739	0.225134	0.24321	0.222669	0.717305	0	0
8.938789	10.608393	8.279	11.647787	8.28393	12.696219	21.425486	29.618212	71.988515	170.560868	87.509585	36.281015	28.352862	23.167395	21.339212	15.281147	12.898346	12.586117	15.480809	17.380476	16.173465	12.623092	7.78272	7.263434	8.27407	3.685946	6.277447	7.280688	4.429544	4.113207	2.941526	3.261972	6.478753	5.546174	3.542156	3.827271	4.828047	5.249556	6.736753	5.336652	4.249602	3.468207	2.594788	3.531475	2.116584	2.955494	2.253801	1.978546	2.589036	2.713106	1.695075	1.879948	2.062355	2.275985	1.370521	0.198841	0.475738	1.1914	0.97284	0.646643	0.446159	0.458484	0.971197	1.809285	0.26293	0.876706	0.2087	0	0.454375	1.510203	0.224312	0.423153	0.195554	0.617063	0.451089	0.696764	0.246497	0.278541	0	0	0	0	0	0	0.274433	0.221847	0	0.536541	0.284293	0	0	0	0	0	0	0	0	0	0	0	0	0	0	0	0	0	0.634318	0	0	0.245675	0.448624	0	0.315516	0	0	0.226777	0.301548	0.236637	0	0	0	0	0	0	0	0	0.516	0	0.247318	0.193911	0.229242	0	0	0.204592	0.244032	0	0	0.224312	0	0.193089	0	0.206236	0.45191	0.607203	0	0.189802	0.621993	0.225134	1.117451	0.195554	0	0.206236	0.206236	0	0.869311	0	0	0.358242	0.181586	0	0.231707	0	0	0.526681	0.234993	0.191446	0	0.479847	0	0.818369	0	0.2087	0.419044	0.226777	0.260465	0.801114	0	0.436299	0.23828	0	0.221025	0	0.198019	0	0.251427	0.199662	0.267038	0.22842	0	0	0.189802	0.544758	0.221025	0	0.193089	0	0.191446	0.410828	0.225955	0.697585
10.751361	8.154108	8.403891	9.501623	12.461226	9.397273	15.535038	23.643955	40.433661	87.509585	187.811523	71.016497	33.595845	25.722743	18.147081	15.737166	17.900584	12.629665	13.169493	13.74876	12.115309	7.363676	6.546128	8.063726	6.430275	4.347379	6.098326	4.738487	3.882322	5.073722	2.79938	5.691607	2.825673	6.394944	4.178118	5.901129	3.79687	5.380199	6.80002	6.152556	3.735245	6.417129	1.833113	1.56854	2.611221	2.050852	2.729539	2.92838	2.053317	1.853655	2.509336	1.391063	2.060712	2.296527	0.869311	1.768202	0.263751	0.882458	0	0.478203	0.743598	0.763318	0.808509	0.669649	0.583375	0.24321	0	0.253892	0.252248	1.257954	0.248962	0.70498	0.649929	0.45684	0.500388	0.258	0.548044	0.308942	0	0	0.494637	0.696764	0	0	0	0.492172	0.254713	0	0	0	0	0	0	0.268681	0.363993	0	0	0	0	0	0	0	0	0	0	0	0	0	0	0	0	0	0	0	0	0.251427	0.335235	0	0	0.380426	0.346739	0	0.634318	0	0.299083	0	0	0	0	0.216095	0	0.528324	0	0.227599	0.270325	0	0	0.248962	0.516	0.428904	0	0.686082	0.50121	0	0.440407	0	0.691012	0	0.207057	0.216917	0.239923	0.229242	0.457662	1.087872	0	0.24814	0	0.5957	0.202127	0	0.257178	0	0.566121	0	0.522573	0.212809	0.794541	0.266216	0.250605	0.226777	0.262108	0.464235	0	0.252248	0	0.444516	0	0.242388	0.528324	0.258	0	0	0	0.244032	0	0.221847	0	0.506961	0	0	0	0.201306	0.245675	0.207879	0.214452	0.465057	0.212809	0.22842	0.50121	0.387
6.007123	6.89451	8.993018	9.585432	5.542066	9.995438	11.838411	15.228561	30.492453	36.281015	71.016497	188.459809	71.644241	33.926151	24.846859	23.729408	18.079705	18.6828	14.5926	16.018993	12.122704	7.887892	7.336561	6.275804	4.289863	5.838683	6.629116	6.363721	7.520612	5.265168	3.388507	5.369518	3.731959	4.423793	5.35555	4.898709	6.257727	5.349798	5.644772	6.384262	5.915919	4.217557	2.989182	3.79687	3.252112	2.979322	1.888164	2.026202	2.343361	1.923495	1.953075	1.443649	1.425572	1.1914	2.03031	0.917789	0.548044	0	1.961291	0.49628	1.028713	1.055827	0	0	0.60556	1.009814	0.720592	0.527503	0.785503	0.435477	1.291642	0.975305	0.449445	0.710732	0.519286	1.337655	0.284293	0.321267	0	0	0.256356	0.482312	1.349158	0	0	0.255535	0.264573	0	0	0	0.386178	0.283471	0	0	0	0.322911	0	0	0.35249	0.341809	0.308121	0	0	0	0.340165	0	0	0	0	0	0	0	0.363993	0.268681	0	0	0.34756	0.271968	0	0	0	0	0	0.318802	0.621171	0	0	0	0.284293	0	0.528324	0	0	0	0	0.592414	0	0	0	0	0	0.237458	0	0.932579	0	0.655681	0.478203	0.778108	0	0.225134	0.498745	0.23828	0	0.451089	0.50121	0.515178	0.541471	0	0	1.065687	0	0	0.293331	0	0.271146	0.221025	0.82412	0	0.260465	0.47163	0	1.44447	0.482312	0	0.60063	0	0	0.251427	0	0	0	0.230885	0	0.253892	0	0	0	0.26293	0	0.22842	0	0.418223	0	0.431369	0	0.241567	0.220204	0.236637	0	0.803579
6.82467	7.120466	6.811523	6.845211	8.044828	7.200988	8.584655	11.854844	20.230799	28.352862	33.595845	71.644241	206.763826	72.55217	31.199898	26.958513	20.259557	22.175657	16.052681	13.933632	12.497378	6.721141	7.716987	6.602001	8.664356	5.728581	5.819785	6.572421	6.713746	5.682569	5.774594	5.185467	5.451683	3.909436	4.056513	4.731092	5.00306	6.078607	4.008035	4.835442	3.244717	2.52166	4.013787	2.156845	3.078743	2.901265	2.681062	0.862738	1.451865	3.551195	0.73949	2.186425	2.429635	0.271146	0.256356	1.303145	1.244808	1.040216	0.954764	0.846305	0.292509	0.899713	0.63514	0.26293	0	1.147031	0.81919	1.198795	0.892318	0.494637	0.293331	0.831515	0.51107	0	0.884923	0.608025	0.322911	0.364815	0	0.308942	0.291688	0.273611	0	0.730452	0.359063	0.870955	0.299904	0.351669	0	0	0	0.322089	0	0	0	0.73456	0	0	0.400146	0	0	0	0	0.468344	0	0.379605	0	0	0	0	0	0	0	0	0	0.296618	0	0.308942	0.341809	0	0.408363	0	0	0.7247	0	0	0.3377	0.283471	0	0.508605	0	0	0	0	0.318802	0	0	0	0	0.252248	0.254713	0	0	0.264573	0.259643	0.497102	0.543114	0.589127	0	0.511891	0.849592	0.810974	0.269503	0.512713	0.284293	0.585019	0.614598	0	0	0.908751	0	0.335235	0	0.344274	0.61542	0.250605	0.468344	0.313872	0	0.26786	0	0	0	0.297439	0.682796	0.262108	0	0.285114	0.311407	0	0	0	0.258821	0.57598	0	0.261286	0	0	0	0.258821	0.497102	0	0	0.489707	0	0	0	0	0.59077	0
4.430366	6.147626	7.034192	4.806684	3.814124	6.04081	7.541153	12.520385	18.636787	23.167395	25.722743	33.926151	72.55217	187.496007	66.697876	42.675959	30.940255	20.440321	15.544077	15.246637	15.065873	11.19752	8.976585	7.439268	8.119599	7.946229	5.910989	7.764643	6.100791	3.805086	4.497742	7.206739	6.605288	5.328435	4.212627	4.046653	5.264346	5.523989	5.342403	4.150181	4.422971	5.958645	2.244763	1.680285	2.518374	3.515863	1.949788	3.660475	1.759164	1.489661	2.239833	1.242343	1.226731	1.230018	0.931757	0.947369	0.566121	1.653992	0.578445	1.537317	0	0.27279	0.288401	0.956407	0.937509	1.303145	0.74442	0.816725	0.540649	0.224312	0.267038	0.503675	0.232528	0.733738	0.804401	0.828229	0	0	0.597343	0.562012	0.265395	0.248962	0.348382	0	0	0.263751	0	0	0.3377	0.474917	0.398503	0	0	0.575159	0	0	0.365637	0	0	0	0	0.319624	0	0	0	0.345095	0	0	0	0	0	0	0.750993	0.27772	0	0	0	0.562012	0	0.407541	0	0	0.679509	0.329484	0.320446	0	0	0.257178	0	0.230885	0.545579	0	0.27772	0	0.290044	0.305656	0	0	0.276076	0	0.231707	0.489707	0.537363	0.48149	0.707445	0.45191	0.492993	0.535719	0.664719	0.465879	0	0.245675	0.73456	0.465879	0	1.063222	0.558726	0.851235	0.216095	0.275255	0.827407	0	0.606382	0.313051	0	0.684439	0.212809	1.142101	0.537363	0	0.281006	0.497102	0.497923	0.270325	0	0	0	0	0	0	0.26293	0	0	0.523394	0.299083	0.474917	0	0	0.284293	0	0	0.216095	0	0	0.690191	0.497923	0	0.244032	0.268681	1.243986
7.896108	6.445065	5.014563	5.929065	7.332453	3.694163	7.089243	6.716211	13.995256	21.339212	18.147081	24.846859	31.199898	66.697876	197.615515	74.573443	40.482961	23.242166	18.805227	15.985306	15.066695	9.071897	7.647147	7.297121	8.255172	6.606931	7.176338	5.948785	4.652213	7.124574	7.335739	9.590362	4.04008	6.6513	5.7976	6.363721	6.774549	6.294702	7.128682	4.863378	5.078652	5.045786	3.235679	3.816589	3.519972	2.994934	3.576666	3.837952	2.306387	2.603004	1.409139	2.083718	1.028713	1.547999	1.709043	0	0.296618	0.495458	0.606382	1.343407	0.557082	0.285936	0	0.752636	0.32784	0	1.561145	0.57105	0.850413	1.413247	0.83891	0.263751	0.24321	0	0.562012	0.289223	0.922719	0.69512	0	0.589127	0	0.261286	0.364815	0	0.683617	0.552974	0	0.334414	0	0	0	0	0	0	0.409184	0	0	0	0	0.369745	0	0.335235	0	0	0	0.361528	0	0	0	0.306477	0	0	0	0	0.293331	0	0	0.294974	0.325376	0	0	0.309764	0	0.345095	0.336057	0	0.321267	0.810152	0	0.484777	0	0.296618	0	0	0	0.320446	0.299904	0	0	0.240745	0.485598	0.257178	0	0.504496	0.741955	0.236637	0.258821	0.561191	0	0.976127	0.269503	0.515178	0	0.97777	0	0	0	0.892318	0	0.288401	0.867668	0	0	0	0.293331	0	0	0.898069	0.281828	0	0	0.260465	0.261286	0.566942	0.325376	0.249783	0	0.271968	0	0.290044	0.551331	0.250605	0.246497	0.274433	0.313872	0	0	0.569407	0.298261	0	0	0.226777	0	0	0	0.261286	0.477382	0	0	0
4.531429	5.957002	3.453418	6.652122	5.527276	4.118958	7.713701	8.338981	17.774871	15.281147	15.737166	23.729408	26.958513	42.675959	74.573443	192.116175	65.125227	33.864527	23.970974	17.973712	16.594974	9.631444	6.599536	8.836904	8.556719	9.248553	6.682523	6.414664	11.346239	8.340624	7.924045	5.103302	6.193638	7.527185	4.847767	4.915143	7.832841	7.615102	4.470627	5.743371	4.954582	2.812526	2.870042	5.155066	2.861826	2.696673	2.243119	2.406629	0.899713	1.777241	1.603871	1.270279	0	1.006528	0.95312	1.21112	0.289223	0.483133	0.295796	0.262108	0.815082	0	0.294974	0.488885	0.639248	0.266216	0.507783	1.114165	0.82905	0.230064	0.545579	0.257178	0.712375	0	0.274433	1.412426	0	0	0.305656	0.287579	0.542293	0.254713	0	0	0	0.269503	0.279363	0	0	0	0	0	0.338522	0	0.399325	0.340987	0.374675	0.662254	0	0	0	0.327019	0	0	0	0.353312	0	0.354955	0	0.299083	0	0.354133	0	0.283471	0.571872	0	0	0	0	0	0.379605	0	0.34756	0.672936	0.32784	0	0	0.263751	0.601452	0	1.115808	0	0	0	0	0	0	0.545579	0	0	0.236637	0	0.549687	0.246497	0.482312	0	0	0.273611	0.226777	0	0.526681	0	0.751815	0	0.793719	0.543936	1.142923	0.435477	0.221025	0.281828	0	0	0.309764	0	0.285936	0.4667	0	0.584197	0.824942	0.248962	0	0.508605	0	0.276076	0	0.487242	0	0.530789	0	0	0	0	0	0.26786	0.612133	0.972018	0.324554	0.833159	0	0	0.46177	0	0	0.227599	0	0.254713	0	0.249783	0	0.423974
6.158307	5.460722	4.749168	6.176384	2.524947	3.498609	6.454925	9.539419	14.752822	12.898346	17.900584	18.079705	20.259557	30.940255	40.482961	65.125227	166.797686	64.313432	36.089569	28.223041	21.171594	13.896658	8.912496	10.245221	11.725844	14.689555	10.502399	8.598624	9.911629	5.937282	4.713837	8.806502	5.738441	6.29881	6.535447	5.523989	8.077694	9.537776	6.750721	5.81732	5.227372	2.730361	3.621857	3.614462	3.888895	3.272653	2.177387	1.557859	1.09198	2.711463	2.891405	1.479801	1.217693	1.465833	0.925184	1.645776	0.562012	1.407496	0.287579	0.763318	1.055006	0	0.286758	0.949834	0.62035	1.294107	1.231661	0.810974	0.805222	0.892318	0.264573	0.500388	0.921897	0.485598	0.798649	0.274433	0.291688	0.328662	0.593235	0.557904	0.26293	0	0	0.329484	0	0	0	0	0	0	0.396038	0.58091	0	0	0	0.331127	0.363172	0	0	0	0	0	0	0	0	0	0	0	0.317159	0.290044	0	0	0.373032	0	0	0.26786	0.356598	0	0.308121	0	0	0	0	0.653216	0	0.672114	0	0.511891	0	0	0	0.281006	0.551331	0.241567	0	0.304012	0	0	0	0	0	0.72963	0	0	0.234172	0.448624	0.489707	0.531611	0.220204	0	0.255535	0	0.48642	0.231707	0.769891	0.528324	0	0	0	0	0	0	0.300726	0.310586	0.555439	0.226777	0.211165	0	0.800292	0.7247	0	0	0.247318	0.804401	0.308121	0.473274	0	0	0.281006	0.274433	0.261286	0.236637	0	0.779751	0.297439	0	0	0.269503	0	0.234172	0	0.428904	0.261286	0.221025	0	0.494637	0	0.485598	0.533254	0
2.971106	4.701512	5.346512	6.005479	4.26357	3.376182	6.976676	7.160727	16.04693	12.586117	12.629665	18.6828	22.175657	20.440321	23.242166	33.864527	64.313432	164.448574	59.345703	39.575032	31.609083	15.361669	13.798059	10.194278	10.726711	10.41366	8.693936	12.351124	8.369382	8.50742	11.173692	9.295387	6.768797	7.65865	5.592187	9.329075	10.164699	7.248644	11.400468	6.003836	5.414709	3.842882	2.822386	2.191355	4.065551	3.929978	2.723788	3.506825	2.950564	2.220113	2.253801	2.221756	1.919387	2.200393	0.780573	1.059114	0.632675	1.3204	1.293286	0.859452	0	0.609668	0.322911	1.068974	0.349204	0.582554	0.27772	0.912859	0.302369	0.251427	0.596522	0	0.778929	0.273611	0.599808	0	0	0.741133	0.333592	0	0	0.556261	0.778108	0	0	0	0	0	0.377961	0	0.446159	0.654038	0	0.642535	0	0	0	0.361528	0	0	0.355777	0	0	0	0.392751	0	0.421509	0	0	0.327019	0	0	0	0	0	0	0	0	0	0	0.414936	0	0	0	0	0	0	0	0	0.774821	0.304834	0	0.310586	0	0.323732	0	0.319624	0	0.308942	0.256356	0.258821	0.273611	0	0.268681	0.263751	0.252248	0	0.598987	0.247318	0	0.287579	0.548866	0	0.52093	0.577624	0.594057	0.312229	0	0	0	0.308121	0.681974	1.016388	0	0	0.254713	0	0	0.60063	0	0	0.555439	0.557082	0.302369	0.346739	0.532433	0.343452	0	0.316337	0.308942	0	0	0.26293	0	0.334414	0	0	0.303191	0	0.26293	0.504496	0	0	0	0	0	0	0.273611	0.299904	0.926827
2.879902	2.403342	4.441047	4.726162	4.722875	3.271832	2.897979	9.191859	13.563887	15.480809	13.169493	14.5926	16.052681	15.544077	18.805227	23.970974	36.089569	59.345703	168.316927	76.544594	41.537145	23.157535	15.628707	11.364316	15.07902	12.212264	12.421786	11.646143	10.042272	8.328299	9.513126	7.206739	5.878123	8.246955	6.112294	8.454012	7.776968	8.919891	9.244445	6.574065	3.324418	2.979322	2.865934	3.900398	2.857717	3.060666	2.714749	2.91359	2.246406	2.07468	2.496189	2.537272	1.822432	0.22842	1.081298	0.879171	1.838865	1.535674	0.537363	1.189757	0.492993	0.50614	0.536541	0	0.580089	0.96791	0.230064	0	0.250605	0.83398	0.495458	1.870909	0.431369	0.454375	0	0.769069	0.27279	0.307299	0.276898	0.260465	1.23084	0.462592	0.646643	0.308121	0	0.244853	0	0	0	0	0	0	0	0	0	0	0	0.601452	0.3377	0	0	0	0	0	0.326197	0	0.350025	0	0	0	0	0.322089	0	0.258	0.259643	0	0	0.261286	0	0.377961	0	0.273611	0.631031	0	0	0.313872	0	0.239102	0	0.428904	0	0	0	0	0	0.284293	0.265395	0.247318	0.256356	0.639248	0.215274	0	0.498745	0.446981	0.657324	0.209522	0.458484	0.248962	0	0.216095	0.239102	0	0.227599	0.433012	0	0.493815	0	0.198019	0.201306	0.255535	0	0	0.281828	0.290866	0.519286	0	0.395216	0.529968	0.249783	0	0.260465	0.230885	0.462592	0	0	0	0	0	0.525859	0.257178	0.244032	0.221847	0.21856	0	0.27772	0.220204	0.294974	0	0	0.21856	0.209522	0.801936	0.244853	0.207057	0.21363	0.462592	0.211165	0.681152	0	0.385356
0.889031	4.220022	3.105036	3.688411	2.870864	3.283335	6.262657	7.303695	10.361074	17.380476	13.74876	16.018993	13.933632	15.246637	15.985306	17.973712	28.223041	39.575032	76.544594	160.760163	71.397745	23.236414	16.325471	19.263711	12.097232	12.096411	14.04702	11.3865	13.634549	7.363676	8.27407	8.065369	9.94203	8.402248	7.661936	7.612637	8.403891	6.747434	8.28393	7.593739	5.91674	4.368742	3.096819	4.776283	4.491168	3.307163	2.200393	3.6728	2.42717	2.740221	1.57347	2.243119	1.23084	2.221756	0.467522	1.188114	1.135528	0.711554	0.290044	1.285891	0.266216	0.547222	0.869311	1.43954	1.253846	0	0.746885	0.820012	0	0.451089	0.802757	1.263706	0.465879	0.736203	0.538184	0.276898	0	0.664719	0.299904	0.845483	0.266216	0.499566	0.349204	0	0	0	0	0.320446	0.339344	0	0	0.293331	0	0	0	0	0	0.649929	0	0.354133	0.319624	0	0	0	0	0.345917	0	0.348382	0	0	0.534898	0	0	0	0.561191	0.270325	0	0	0	0	0.373032	0	0	0	0.322089	0.339344	0.308121	0	0	0.231707	0	0	0.557082	0.244032	0.290866	0	0	0	0	0	0.465057	0.245675	0.808509	0.483133	0	0.226777	0.742776	0.268681	0.667184	0.23335	0.258	0.246497	0.245675	0.467522	0.259643	0.267038	0.560369	0	0	0	0	0.305656	0	0.313872	0	0.229242	0.21363	0.286758	0	0	0	0	0	0.271146	0.311407	0.239102	0	0.260465	0.284293	0	0	0.718948	0	0.525038	0	0	0	0	0.285114	0	0.226777	0.216917	0	0	0	0	0.45684	0	0.269503	0.832337
5.581505	6.405625	3.544621	5.852651	4.863378	3.851099	4.680971	5.764734	12.466156	16.173465	12.115309	12.122704	12.497378	15.065873	15.066695	16.594974	21.171594	31.609083	41.537145	71.397745	152.481985	46.264128	22.722058	23.757344	20.372124	14.54823	13.439817	12.093946	9.983113	11.741455	9.220617	8.979872	7.182911	9.819604	10.90008	12.290321	9.476152	7.781076	13.330537	10.545947	4.359703	4.12471	4.545398	4.031863	3.273475	3.361392	3.070526	1.176611	3.562698	1.56361	1.410782	0.670471	1.987584	3.100106	1.885699	0.426439	0.76414	1.700827	0.52093	0.691834	1.195509	0.490528	0.779751	0.215274	1.124846	0.703337	1.34012	0.980235	0.24321	0.606382	0.479847	0.453554	1.045146	0.220204	0.723878	0.497102	0	0.894783	0.806044	0.25307	0.23828	0	0.313051	0	0	0	0	0	0.304012	0	0.359063	0	0	0	0.351669	0	0	0	0	0.634318	0.286758	0	0	0	0.316337	0.310586	0	0	0	0	0	0	0	0	0	0	0	0.25307	0	0	0	0.265395	0	0	0.577624	0	0	0.231707	0	0.415758	0.245675	0	0	0.219382	0.260465	0	0	0.239923	0	0.619528	0.417401	0.220204	0	0.433012	0.211987	0.406719	0	0	0.199662	0	0	0	0	0	0.465057	0.957229	0.251427	0.382891	0	0	0	0.548866	0.27279	0	0.251427	0.410828	0.382891	0.257178	0.241567	0.437942	0	0.22349	0	0.24321	0	0.214452	0	0.23335	0	0	0.236637	0	0.423974	0.235815	0.269503	0	0	0.244032	0	0.211987	0.406719	0	0.236637	0	0	0.224312	0	0	0.483133	0
2.626832	4.796002	1.946502	3.353176	4.3975	4.974302	4.111564	7.76793	13.438174	12.623092	7.363676	7.887892	6.721141	11.19752	9.071897	9.631444	13.896658	15.361669	23.157535	23.236414	46.264128	183.570959	58.765615	62.841025	28.203321	20.035245	12.296894	10.918157	10.412839	13.429136	8.88949	14.242574	10.606749	12.035608	7.805726	10.246043	11.822799	7.356281	12.717582	8.684897	4.786143	6.567491	2.217648	3.320309	4.699869	3.257042	3.611997	2.583285	3.04259	1.962113	2.434565	1.718081	2.909482	1.944858	1.380381	1.637559	1.676999	0.934222	0.857808	0.50614	0.262108	0.269503	0.285114	0.472452	0.308942	0.515178	0.490528	0.538184	0	0.665541	0.263751	0.497923	0	0	0.529968	0.27279	0.290044	0	0	0	0.262108	0	0.344274	0	0	0	0	0	0	0	0.394395	0	0.327019	0	0	0	0	0.639248	0.359885	0	0	0	0	0	0.346739	0.340987	0	0	0	0	0	0	0	0	0	0.266216	0.354133	0	0	0	0	0	0.335235	0.325376	0	0	0.606382	0.254713	0	0	0	0.279363	0	0.240745	0	0	0.282649	0	0	0.453554	0	0.242388	0.265395	0	0.465879	0	0.975305	0	1.533209	0.460127	0.253892	0.485598	0.483955	0.921076	0.255535	0	0.828229	0.841375	0.21363	0.815904	0	0	0.299904	0	0	0.225134	0.210344	0.281828	0.265395	0.240745	0	0.245675	0.246497	0.267038	0.306477	0.706624	0.304012	0	0.279363	0.546401	0.259643	0	0	0	0.591592	0.469165	0	0	0.562012	0	0.22349	0.426439	0.520108	0.220204	0	0.738668	0	0	0.530789	0.820012
3.377825	3.17159	4.597162	2.772265	3.462456	3.015475	3.965309	2.854431	6.309492	7.78272	6.546128	7.336561	7.716987	8.976585	7.647147	6.599536	8.912496	13.798059	15.628707	16.325471	22.722058	58.765615	205.947922	84.955059	35.377194	22.681797	15.926968	16.589222	14.196562	13.618938	11.704481	10.56731	8.99384	11.608347	9.751406	9.090795	9.644591	12.033143	9.257591	5.850186	4.358882	4.492812	2.445246	3.659653	2.742686	4.547041	2.919342	3.702379	4.312047	2.433743	2.440316	2.976036	1.60305	1.60798	1.267814	1.805177	0.616242	1.286712	0.945725	1.395171	0.578445	0.296618	1.257954	1.041859	1.361483	0.852057	0.270325	0.593235	0.589127	0	0.290866	0.823299	0.50614	0.799471	0.875885	0.300726	0.639248	0.360707	0.325376	0.917789	0.288401	0	0.379605	0	1.065687	0.287579	0.594057	0	0	0	0	0	0	0	0	0	0	0	0.39686	0.383713	0.346739	0.696764	0	0	0.764961	0	0	0	0	0	0.58091	0	0	0	0	0.293331	0.391108	0.306477	0.338522	0	0.404254	0	0.369745	0	0	0	0.334414	0.561191	0.320446	0.503675	0	0.308121	0	0.530789	0	0.333592	0	0.290044	0	0	0.252248	0.267038	0	0	0	1.229196	0	0.291688	0.241567	0.253892	0.560369	0.534898	0.533254	0	0.281828	0	0	0	0.235815	0	0.60063	0.331949	0.330305	0	0	0.24814	0	0.621993	0.58584	0.265395	0.305656	0.812617	0.271146	0	0.3377	0	0.335235	0.847948	0.308121	0.301548	0	0	0.256356	0.285114	0.326197	0	0.345917	0	0.619528	0.512713	0.737847	0	0.286758	0.242388	0.250605	0.271146	0.49628	0	0	0.45191
4.127997	5.125486	3.670335	2.371297	2.073037	2.345004	2.66545	5.426212	7.50993	7.263434	8.063726	6.275804	6.602001	7.439268	7.297121	8.836904	10.245221	10.194278	11.364316	19.263711	23.757344	62.841025	84.955059	180.908796	51.816054	29.105499	22.321912	19.756704	11.628067	12.916423	11.875385	10.331495	10.771902	8.984802	10.79573	8.247777	12.04136	8.504133	9.277311	9.554209	4.906104	4.484595	3.660475	2.870042	5.214225	5.937282	0.907929	1.218515	2.869221	1.850368	1.878304	1.620304	1.142923	2.063998	1.736158	0.882458	0.263751	1.321222	0.539006	0.954764	1.484731	0	0.268681	1.114165	0	0.485598	0.462592	0.253892	1.00735	0.627745	0	0.469165	0.216095	0.911216	0.249783	1.286712	0.273611	1.234948	0.278541	0.523394	0.247318	0.695942	0	0.308942	0	0	0	0	0.314694	0	0.743598	0.545579	0.308121	0	0.363993	0	0.340987	0.301548	0	0.328662	0	0.298261	0	0	0.327019	0	0	0	0	0	0.497102	0.322911	0	0	0	0	0.334414	0	0	0	0	0	0	0.306477	0.299083	0	0.285936	0	0	0.645821	0	0	0.258821	0	0	0	0.266216	0.24814	0	0.21363	0	0.45684	0	0	0.439586	0.210344	0.230064	0	0	0.433834	0.239923	0.457662	0.45684	0.651573	0.963802	0.495458	0.52093	0.39686	0	0	0	0.284293	0	0.291688	0.782216	0	0	0	0.250605	0.453554	1.045967	0.926827	0	0.251427	0.577624	0.666363	0.286758	0.241567	0.263751	0.258	0.244853	0.222669	0	0	0	0.221025	0	0	0.529968	0.219382	0.210344	0.402611	0.490528	0	0.643356	0.231707	0.424796	0.455197	0	0
3.809194	1.236591	2.150272	4.052404	3.948054	3.126399	2.980966	3.894647	7.940478	8.27407	6.430275	4.289863	8.664356	8.119599	8.255172	8.556719	11.725844	10.726711	15.07902	12.097232	20.372124	28.203321	35.377194	51.816054	160.788099	68.582753	32.991929	26.247781	20.40006	17.138088	15.756885	14.034696	17.880864	12.363449	9.810565	12.805499	14.174377	13.307531	7.887892	9.096547	6.237186	6.787695	5.093442	6.420415	4.276716	2.728718	4.656321	2.747616	2.311317	2.608756	1.92596	2.136304	0.703337	1.410782	1.779706	0.904643	0.540649	1.128954	1.105126	0.244853	1.014744	1.041859	0.276076	0.685261	1.193865	1.244808	0.474095	0.780573	0.258	0.85863	0.764961	0.962158	0.221847	0.700872	0.768248	0.791254	0.280184	1.266171	0.856165	0.805222	0.25307	0	0	0.317159	0	0	0	0.61049	0	0	0.762496	0.559547	0	0.274433	0	0	0.350025	0.927649	0.34756	0	0.912859	0.305656	0	0	0	0	0	0.663898	0	0	0	0.331127	0	0.265395	0.267038	0.257178	0	0.537363	0.296618	0	0	0	0	0.314694	0	0	0	0	0.561191	0	0.52093	0.270325	0	0.232528	0	0	0.273611	0	0	0	0.221025	0	0.512713	0	0	0.215274	0.47163	0.511891	0.211987	0	0	0	0	0.445337	0.741133	0.761675	0	0.406719	0.207057	0	0	0.582554	0.289223	0.598165	0	0.435477	0	0.27279	0.513535	0.232528	0.536541	0.474917	0.475738	0.258	0	0	0	0.24814	0	0.264573	0	0.684439	0	0.500388	0.857808	0.226777	0	0.518465	0.271146	0	0	0.824942	0.251427	0.212809	0.439586	0.23828	0.217739	0.4667	0.256356	0
3.770577	1.032821	3.89136	4.210984	3.043412	1.606336	3.319488	3.407405	5.358836	3.685946	4.347379	5.838683	5.728581	7.946229	6.606931	9.248553	14.689555	10.41366	12.212264	12.096411	14.54823	20.035245	22.681797	29.105499	68.582753	172.272376	64.541852	29.546728	30.092307	21.686772	18.875889	17.692705	18.446985	14.847313	10.364361	13.452964	12.729085	14.052772	8.783496	5.454148	8.962617	4.632493	3.582417	3.575023	6.250333	4.207697	4.147716	2.781303	2.340075	2.905373	0.71484	2.378692	2.087826	1.832292	1.239056	0.755923	1.203725	0.75428	1.23084	0.27279	0.847948	1.160177	0.307299	1.271923	1.329438	0.831515	1.319579	0.869311	0	0.239102	1.135528	0.803579	0.741133	0.520108	0.285114	0	0.936687	0.70498	0	0	0	0.529968	0	0.353312	0.346739	0	0.290044	0	0	0.505318	0	0.622815	0.351669	0	0.830694	0	0	0	0	0	0	0.340165	0.514356	0	0.373853	0	0	0	0	0	0	0	0	0	0	0.286758	0	0	0.660611	0	0	0	0	0	0	0	0.326197	0	0	0.245675	0	0	0.295796	0.258821	0	0.325376	0.304012	0	0	0.244032	0.492993	0.260465	0	0	0.250605	0	0.262108	0.570229	0	0.247318	0	0.522573	0	0.24814	0.275255	0	0.297439	0.226777	0	0.292509	0.293331	0	0	0	0	0.485598	0.225955	0.304012	0.571872	1.035286	0.597343	0.264573	0.265395	0.287579	0.330305	0.25307	0.654038	0	0.301548	0	0.280184	0	0	0	0.318802	0.505318	0.3377	0.288401	0	0	0	0.230064	0	0	0.244853	0.795362	0	0.259643	0.285936	0.882458
3.211029	1.172502	3.398367	4.098417	3.455883	3.64815	2.513444	1.758343	4.563474	6.277447	6.098326	6.629116	5.819785	5.910989	7.176338	6.682523	10.502399	8.693936	12.421786	14.04702	13.439817	12.296894	15.926968	22.321912	32.991929	64.541852	183.776373	58.079533	34.503775	25.938017	19.319583	15.067516	17.289273	19.004889	17.175884	12.220481	15.609809	15.666503	11.733239	6.192817	3.307163	5.260238	2.711463	5.412244	4.393391	5.57411	2.649017	2.52659	3.454239	3.298946	2.705711	2.100151	1.482266	0.594878	2.813348	1.716438	0.683617	1.427215	0.699229	0	1.283426	0.658146	0.697585	1.155247	0.37714	0.944904	0	0.328662	0.653216	1.085407	0	0.608025	0.280184	1.18154	0.647464	0.333592	0.709089	0	0.360707	0	0.64007	0.601452	0.420688	0.400968	0	0.318802	0	0.385356	0	0	0	0	0.399325	0	0	0.403433	0	0.391108	0	0	0.384535	0	0	0	0.423974	0.83398	0.456019	0.419866	0	0.353312	0	0.837267	0	0	0	0	0.433012	0	0	0	0.448624	0	0	0.397681	0.387821	0.408363	0	0	0.354955	0.279363	0	1.025426	0	0	0.350025	0	0.345095	0	0	0.276898	0.280184	0	0.324554	0.581732	0.285114	0.27279	0	0	0	0	0.621993	0	0.591592	0.562834	0.312229	0.642535	0.3377	0	0	0	0.333592	0	0	0	0.3377	0	0.257178	0	0.974483	0.294153	1.017209	0.299904	0	0.326197	0	0	0.371388	0.313051	0	0	0	0	0.284293	0.316337	0	0.286758	0.766604	0.32784	0.343452	0	0	0.260465	0.635961	0	0	0.601452	0	0	0.324554	0.50121
3.595564	1.500343	1.957183	2.622724	1.47405	2.335145	3.317023	2.700781	4.380245	7.280688	4.738487	6.363721	6.572421	7.764643	5.948785	6.414664	8.598624	12.351124	11.646143	11.3865	12.093946	10.918157	16.589222	19.756704	26.247781	29.546728	58.079533	169.325098	66.560659	38.764879	26.367743	22.176479	18.829055	16.476655	15.876025	18.18159	14.151371	12.252525	14.922905	12.172825	7.081848	3.720456	2.603004	4.220844	6.164059	2.802667	3.390972	2.728718	3.060666	2.3031	1.818323	0.864381	1.137993	1.71233	0.810152	1.921852	0.984343	1.3697	1.341763	0.891496	0.308121	0.631853	0.334414	1.386133	1.08705	0.604738	1.726298	1.894737	0.313051	1.562789	0.618707	0	1.07719	0.850413	0	1.280961	0.340165	1.152783	0	0.651573	0.307299	0.288401	0	0	0	0.305656	0.316337	0.370567	0.39193	0.550509	0.462592	1.018031	0	0	0	0.387	0	0	0	0.409184	0.368923	0	0.561191	0	0	0.400146	0	0	0	0.338522	0	0	0	0	0	0	0.415758	0	0	0	0	0.341809	0	0	0	0	0	0	0	0.26786	0	0	0.322089	0	0.672114	0.354955	0	0	0	0	0	0.284293	0	0.279363	0	0.523394	0.285936	0.621171	0.257178	0.269503	0.298261	0.285114	0	0	0.599808	0.308121	0.323732	0	0.502031	0.318802	0.64007	0	0.351669	0.363172	0	0	0.740312	0.331127	0	0.281828	0.650751	0	0	0.313051	0.718948	0	0.356598	0.300726	0.328662	0	0.609668	0	0.545579	0	0.346739	0	0	0	0	0	0	0	0	0	0.533254	0.289223	0	0	0	0.962158
1.907884	1.393528	1.515133	2.131374	1.711508	2.168349	1.96047	2.821565	4.881455	4.429544	3.882322	7.520612	6.713746	6.100791	4.652213	11.346239	9.911629	8.369382	10.042272	13.634549	9.983113	10.412839	14.196562	11.628067	20.40006	30.092307	34.503775	66.560659	159.152183	64.971578	38.4773	28.651945	24.597897	18.852883	17.294203	17.428132	18.294157	16.291783	13.85804	6.04574	8.617522	5.675174	4.229882	3.617749	6.92902	3.785366	3.148583	2.814991	2.604648	3.207743	1.446935	1.337655	0.264573	2.119871	1.003241	2.039349	0	1.017209	2.803488	1.379559	1.143744	1.467477	0.932579	0.257178	0.336057	1.122381	2.137126	0.586662	1.455152	0.725522	0.574337	0.813439	0.750171	0	0.577624	0.594878	1.263706	1.070617	0.643356	0	0	0	0	0	0	0.284293	0	0.343452	0	0	0	0	0	0.619528	0	0	0	0.696764	0	0	0.34263	0	0	0.458484	0	0	0	0	0	0	0	0	0	0	0	0	0.386178	0.302369	0	0	0	0	0	0	0.345095	0	0	0	0.316337	0.497923	0	0	0	0	0	0	0	0.861095	0	0.494637	0.249783	0.527503	0	0	0.253892	0	0	0.576802	0.23828	0.50121	0.276898	0	0.263751	0	0.557082	0.285936	0	0.229242	0.465879	0	0.297439	0	0	0.336879	0	0.245675	0	0.307299	0.289223	0	0	0.26786	0.26786	0.290866	0.668006	0	0	0.279363	0.304834	0	0	0.514356	0	0.281828	0.322089	0.255535	0.341809	0	0	0	0.24321	0.232528	0.283471	0.479847	0.247318	0.26786	0	0.526681	0	0.446159
2.33761	2.390196	2.375406	1.790387	3.019584	2.124801	1.646597	1.229196	3.455061	4.113207	5.073722	5.265168	5.682569	3.805086	7.124574	8.340624	5.937282	8.50742	8.328299	7.363676	11.741455	13.429136	13.618938	12.916423	17.138088	21.686772	25.938017	38.764879	64.971578	170.386677	62.238752	38.320364	25.560877	23.565898	20.285028	21.08532	15.405217	14.447167	16.401885	7.987312	6.223218	5.32104	5.330078	3.841239	5.019493	2.782947	3.343316	3.311271	3.713882	2.881545	1.891451	0.786324	1.812572	2.077145	2.703246	0.499566	0.597343	2.243941	0.916146	1.893094	0.560369	0.575159	0.914502	1.009814	1.318757	1.100197	0.785503	0.287579	0.285114	0.94819	0.562834	1.063222	0.244853	0.258	0.282649	0.582554	0.619528	0.350025	0.945725	0.889031	0.279363	0.26293	0.36728	0.350025	0	0.556261	0.287579	0	0	0	0	0.308942	0	0.303191	0.411649	0.704159	0.386178	0	0	0	0.336057	0	0	0.449445	0	0.363993	0	0	0.3377	0	0	0	0	0	0	0	0	0	0.32784	0.429726	0	0	0.358242	0.69512	0	0	0.323732	0.543936	0.62035	0	0.86356	0.299083	0.586662	0	0.305656	0	0.301548	0.281006	0.291688	0	0	0.516821	0.283471	0	0.248962	0.47656	0.260465	0	0.467522	0.245675	0.543114	0	0	0.737847	0	0	0	0.224312	0	0.290044	0.290866	0	0.64007	0.330305	0.294974	0.48149	0.224312	0.301548	0	0	0.295796	1.049254	0	0.285114	0	0.251427	0	0	0	0.291688	0	0	0.24814	0	0.316337	0	0	0	0.299904	0	0.71484	0	0.555439	0.469987	0.242388	0.26293	0	0	0.566942	0.437942
