3.253557	2.821977	1.611927	1.370133	1.133979	1.16375	1.492334	1.333025	1.391249	1.398054	1.254835	1.266552	1.177247	0.198245	0.656151	1.218294	1.435324	1.121507	0.877611	1.249337	1.192653	1.191593	1.17187	1.196663	1.095856	1.044085	1.239785	1.233217	1.151465	0.863116	0.454908	0.923636	1.262303	1.069202	0.541972	0.719757	0.994556	0.514731	0.865702	0.799142	0.949057	0.919326	0.6976	1.079618	1.135234	0.955925	1.090798	0.721474	0.282772	0.330998	0.471201	0.764307	1.06195	0.942135	1.029775	0.833521	0.74635	0.525451	0.381954	0.632206	0.613378	0.327166	0.613018	0.498916	0.577659	0.634102	0.56838	0.689839	0.766215	0.294456	0.386172	0.369834	0.389291	0.181585	0.223434	0.151054	0.374194	0.398974	0.806494	0.543277	0.316931	0.366173	0.405734	0.382679	0.649602	0.676685	0.788558	0.599866	0.563595	0.440127	0.606468	0.454072	0.497967	0.76541	0.824129	0.692158	0.336818	0.637443	0.348311	0.323964	0.543008	0.653557	0.418037	0	0	0.40716	0.273706	0.50301	0.270466	0.884059	0.97498	0.430038	0.489046	0.59413	0.520524	0.474938	0.297957	0.450779	0.339097	0.342803	0.517679	1.005897	0	0	0	0	0	0	0	0	0	0	0	0	0	0	0	0	0	0	0	0	0.190628	0.397396	0.499036	0.910367	0.187918	0	0.132761	0.328477	0.931395	0.860177	0.132848	0.460168	0.836227	0.89206	1.123234	0.244472	0.186608	0.228377	0.487544	0.569315	0.282879	0.08596	0.131347	0.18548	0.087007	0.390227	0.14109	0.185535	0.222486	0.279789	0.360488	0.306837	0.213938	0.13997	0.040581	0.159226	0.483054	0.337457	0.504787	0.168465	0.307409	0.51375	0.55046	0.456157	0.34137	0.151226	0.251823	0.110877	0.203441	0.049493	0.305449	0.259045	0.166021	0.151298	0.10635	0.255359	0.325175	0.388434	0.333875	0.799922	0.921928	0.84933	0.807157	0.690208	0.379545	0.311081	0.241947	0.276664	0.129196	0.337592	0.661201	0.207255	0.305588	0.385587	0.192034	0.303624	0.265367	0.282162	0.244713	0.45971	0.561762	0.513923	1.454144	0.520006	0.632759	0.578899	0.808027	0.554961	0.278352	0.458168	0.43208	0.078336	0.473963	0.593159	0.364331	0.176023	0.317536	0.055933	0.532306	0.341205	0.207355	0.554975	0.614791	0.720654	0.628632	0.457809	0.125873	0.462819
2.821977	3.858529	2.763757	2.139016	1.602552	1.612765	2.210196	1.943716	1.945729	2.065324	2.006036	2.006798	1.850108	0.830874	1.233224	1.768684	2.16095	1.919128	1.402363	1.879999	1.735881	1.857808	1.796126	1.762555	1.563403	1.53407	1.755496	1.8733	1.953169	1.470016	1.099458	1.778221	2.00768	1.833273	1.00591	1.3609	1.746595	1.161425	1.330988	1.586822	1.782896	1.618606	1.171236	1.68691	1.786856	1.668966	1.766683	1.158436	0.840572	0.788732	0.668325	1.20565	1.680593	1.702139	1.713049	1.527464	1.193538	0.704871	0.47773	1.171724	0.730205	0.555991	0.768367	0.917993	0.866153	0.783545	0.765962	1.172999	1.029249	0.469034	0.714776	0.344874	0.565637	0.24558	0.439477	0.327258	0.613564	0.577929	0.966434	0.499237	0.34868	0.419691	0.603241	0.225818	0.717629	1.145566	1.023023	0.731362	0.676362	0.576773	0.751411	0.638443	1.059468	1.416652	1.405319	0.939415	0.509329	0.607383	0.532935	0.327248	0.910469	0.924651	0.2897	0.488578	0.35218	0.304476	0.167691	0.477609	0.377513	1.35912	1.394195	0.771642	0.842344	1.07568	0.968141	0.657451	0.86967	0.77419	0.625554	0.401395	1.015297	1.113323	0	0	0	0	0	0	0	0	0	0	0	0	0	0	0	0	0	0	0	0	0	0.323031	0.851096	1.385367	0.324188	0.484934	0.326887	0.869989	1.459597	1.382963	0.569712	0.9971	1.461768	1.591363	1.635942	0.633175	0.315409	0.515001	0.735791	0.924958	0.675391	0.36479	0.300712	0.450214	0.271453	0.668567	0.458356	0.37488	0.51457	0.689304	0.702964	0.758719	0.526301	0.12539	0.168002	0.167978	0.756896	0.870233	0.996809	0.297021	0.607427	1.018319	1.029821	0.878252	0.629152	0.48442	0.351723	0.280165	0.385972	0.435158	0.530596	0.627098	0.307648	0.212847	0.353418	0.389768	0.750178	0.547344	0.99271	1.513794	1.518668	1.519201	1.361001	1.280094	0.943121	0.638603	0.535223	0.446646	0.543563	0.63985	1.125015	0.578722	0.76759	0.610073	0.557713	0.432109	0.656152	0.497323	0.51918	0.762507	0.808418	0.801994	1.057371	1.055699	1.280117	1.060133	1.340965	0.949821	0.780016	0.749112	0.750178	0.664885	1.003923	1.27871	0.864855	0.336397	0.534715	0.234476	0.855767	0.414753	0.457914	0.790535	1.142605	1.343997	1.3383	0.771076	0.36435	0.499281
1.611927	2.763757	3.79532	3.220666	2.743071	2.619562	2.487218	1.829434	1.52057	1.582108	1.78268	2.203742	2.253024	1.657889	2.044981	2.19194	1.979917	2.132784	2.22023	2.103938	1.837196	1.379461	1.354268	1.267938	1.178915	1.203817	1.247232	1.225604	1.400556	1.767452	1.742369	1.83076	1.562478	1.911653	2.049784	1.8207	1.862453	1.936877	1.894329	1.591882	1.520676	1.539524	1.418435	1.550351	1.622787	1.512029	1.691209	1.828365	1.733473	1.520707	1.426566	1.333303	1.326454	1.107049	1.347521	1.378984	1.214634	1.270678	1.12011	1.451714	1.075753	1.150303	1.178158	1.219091	1.102846	1.076482	1.017371	1.107606	1.239447	0.612709	1.008453	0.954301	0.765995	0.613947	0.704362	0.899337	0.913792	0.789668	1.030924	0.513816	0.65804	0.679472	0.60573	0.714552	0.846271	0.821603	0.889153	0.899292	0.763263	0.717957	0.943873	0.592156	0.801774	0.739615	0.957603	0.916975	0.650745	0.73789	0.694451	0.58181	0.73087	0.665021	0.459198	0.569347	0.465754	0.557582	0.483677	0.621669	0.579332	1.212736	1.264042	0.982851	1.188075	1.080935	1.091777	0.998353	0.919191	0.985968	0.796973	0.788213	0.99701	1.629631	0	0	0	0	0	0	0	0	0	0	0	0	0	0	0	0	0	0	0	0	0.071293	0.336779	0.848558	0.996695	0.321778	0.442488	0.432967	0.802178	0.878694	1.036577	0.691103	1.032264	0.929121	0.824898	1.049656	0.790297	0.584899	0.386037	0.840445	1.038216	0.90529	0.533566	0.510662	0.679602	0.348874	0.783156	0.423516	0.740655	0.502434	0.736547	0.547022	0.552693	0.555781	0.679541	0.542512	0.462013	0.688389	0.700192	0.583582	0.660207	0.557075	0.728534	0.658743	0.410107	0.435484	0.468858	0.358098	0.263957	0.279795	0.413636	0.513138	0.548047	0.287029	0.37657	0.364506	0.475501	0.583288	0.385683	0.830741	1.139181	0.965697	1.032362	1.071321	1.046718	0.831326	0.682124	0.867972	0.680614	0.802955	0.876932	0.980143	0.703537	0.698151	0.652114	0.610443	0.579876	0.548423	0.643122	0.646449	0.804981	0.832451	0.901916	1.089861	0.932612	1.164942	1.257094	1.479863	1.210547	1.239062	0.987083	0.845044	0.790095	1.186022	1.142226	0.957367	0.766877	0.71011	0.669814	0.944135	0.822606	0.683002	0.982658	1.134745	1.210895	1.311339	1.206079	0.714693	0.741059
1.370133	2.139016	3.220666	3.770554	2.838992	2.710505	2.585122	1.837127	1.429412	1.309802	1.586901	2.289209	2.327546	1.630401	2.177569	2.257528	1.729083	2.180618	2.310445	2.1142	1.861069	1.127273	1.305507	1.160948	1.152382	1.226936	1.094537	0.879269	1.113475	1.798897	2.055782	1.78762	1.159782	1.82144	2.028983	1.952562	1.81777	2.112275	2.024851	1.641675	1.239511	1.5629	1.612701	1.564598	1.560497	1.517546	1.686504	1.98162	1.936587	1.687142	1.512149	1.460606	1.043475	0.924178	1.173399	1.262733	1.132638	1.382432	1.387787	1.473379	1.325244	1.325106	1.453222	1.313276	1.198278	1.228993	1.062324	1.159935	1.303451	0.967901	1.062524	0.967435	0.953771	0.842543	0.8511	0.982417	1.051579	0.906401	0.987061	0.689939	0.614398	0.798661	0.792712	0.624906	0.911943	1.029509	0.846492	0.941931	0.830901	0.941462	1.029153	0.875096	0.797013	0.75167	0.845453	0.765343	0.779946	0.741507	0.481708	0.488708	0.908844	0.970193	0.557461	0.625355	0.656924	0.406284	0.690862	0.7816	0.713294	1.125226	1.224061	1.168274	1.208354	1.040087	0.988439	1.00158	1.064814	1.159365	0.893028	0.781431	1.035009	1.574355	0	0	0	0	0	0	0	0	0	0	0	0	0	0	0	0	0	0	0	0	0	0.188274	0.717418	0.879371	0.637822	0.647612	0.466435	0.790951	0.681504	1.080971	0.845511	1.069622	0.731025	0.792991	0.850962	0.831015	0.68058	0.827659	0.989837	0.875472	0.774124	0.606858	0.675405	0.71955	0.570259	0.806718	0.720634	0.817107	0.61426	0.646029	0.467479	0.537529	0.550181	0.614453	0.436843	0.568588	0.436941	0.648285	0.657147	0.885959	0.595142	0.631032	0.435213	0.457769	0.476226	0.493395	0.317937	0.263237	0.371574	0.369585	0.495045	0.47488	0.420132	0.313291	0.243948	0.41343	0.389641	0.336302	0.677573	0.833588	0.575519	0.694607	0.860646	0.972499	0.605315	0.86028	0.923238	0.831079	0.789428	0.804723	0.77473	0.697414	0.632386	0.678305	0.564808	0.694837	0.583614	0.720783	0.807272	0.80968	0.823697	1.01444	1.056655	0.831802	1.243209	1.221363	1.395248	1.304072	1.228019	1.179551	0.968233	0.999538	1.129662	0.887372	1.20725	0.733653	0.814057	0.530551	0.909084	0.94309	0.791351	0.988296	1.085329	1.189024	1.196408	1.224655	0.712561	0.723538
1.133979	1.602552	2.743071	2.838992	3.740682	3.335909	2.460034	1.793981	1.253316	1.33886	1.43613	2.112908	2.469538	2.290392	2.431647	2.126968	1.315253	1.887396	2.391112	1.859837	1.744763	0.889124	1.153523	1.056434	1.051087	0.880411	0.720999	0.655462	0.919049	1.550582	1.934629	1.474812	0.738117	1.493945	2.41983	2.019955	1.357707	2.106144	1.858968	1.432522	1.034573	1.413609	1.554074	1.392468	1.29697	1.360871	1.296936	1.988567	1.942574	2.079764	2.008959	1.351006	0.572866	0.554777	0.626017	0.93403	0.842353	1.339812	1.51782	1.209214	1.406951	1.529919	1.381282	1.31535	1.314585	1.265171	1.082034	0.970544	1.077874	1.190492	1.096202	1.380734	0.863829	1.175037	1.188388	1.373389	1.162177	1.150711	0.740003	0.678862	0.632363	0.6727	0.836395	1.030448	0.872068	0.566166	0.698985	0.852615	0.940756	1.064984	0.981883	1.00712	0.749994	0.711757	0.425206	0.86147	1.002861	0.476331	0.689847	0.704059	0.585075	0.770674	0.792182	0.772573	0.915344	0.9457	1.024224	0.910198	0.901572	0.487063	0.971678	1.104472	1.169576	0.890888	1.035982	1.001272	1.08437	1.05473	1.085747	1.090598	0.890828	1.806056	0	0	0	0	0	0	0	0	0	0	0	0	0	0	0	0	0	0	0	0	0.130655	0.361371	0.316527	0.560815	0.568651	0.540281	0.195891	0.576162	0.346929	0.562058	0.915269	0.780494	0.674393	0.295168	0.4804	0.81318	0.641789	0.78891	0.881015	0.724247	0.4486	0.635919	0.750854	0.722885	0.835829	0.581568	0.70245	0.634375	0.526004	0.77698	0.56175	0.326988	0.677596	0.84661	0.721733	0.49904	0.440003	0.533171	0.323473	0.880918	0.64594	0.300695	0.37185	0.4	0.534589	0.3897	0.433034	0.413596	0.24207	0.306578	0.306879	0.361	0.206452	0.432086	0.308761	0.33755	0.36347	0.467632	0.565019	0.473793	0.332521	0.36555	0.84169	0.716374	0.569986	0.817748	0.967307	0.921712	0.961912	0.808752	0.53613	0.962142	0.806092	0.516748	0.278198	0.541104	0.554294	0.627834	0.749089	0.541105	0.666169	0.968109	0.940038	0.807062	0.996736	1.192464	1.234262	1.208483	1.145576	1.137552	1.007504	1.083378	1.115251	0.754146	0.951069	0.959565	0.942545	1.022141	0.899389	1.121747	1.31963	0.982079	1.121925	1.190338	1.056121	1.463359	1.394789	0.516651
1.16375	1.612765	2.619562	2.710505	3.335909	3.785641	2.88488	2.055937	1.332022	1.432388	1.621472	2.272652	2.49348	2.24529	2.500051	2.166665	1.417534	2.01192	2.384527	1.902157	1.792353	0.72841	1.147018	0.983747	1.161655	1.041677	0.939333	0.894819	1.003091	1.692327	2.017027	1.61875	0.875634	1.627545	2.385088	2.06281	1.504149	2.145545	1.918181	1.578318	1.096708	1.494892	1.604486	1.437266	1.470675	1.455488	1.356054	2.029715	2.00957	2.104642	1.972806	1.449613	0.667567	0.642566	0.813718	0.901359	1.098634	1.447586	1.580836	1.296347	1.493885	1.531842	1.510692	1.421718	1.300794	1.247069	1.190186	1.173321	1.204941	1.312752	1.152601	1.314104	0.973258	1.195525	1.298703	1.403828	1.277831	1.159077	1.006295	0.730831	0.729754	0.874167	0.790573	1.040706	1.00447	0.745756	0.841481	1.095098	0.984347	0.973943	1.14468	1.214319	0.951831	0.613179	0.701017	0.87414	0.932931	0.660263	0.602138	0.742991	0.837607	0.852886	0.920857	0.67818	0.884885	0.907227	1.050418	1.0135	1.014002	0.781905	0.966991	1.20448	1.222757	0.924828	1.097544	1.10958	1.165657	1.18748	1.091233	1.097078	0.823733	1.750667	0	0	0	0	0	0	0	0	0	0	0	0	0	0	0	0	0	0	0	0	0.527544	0.61031	0.644628	0.576784	0.723045	0.676143	0.469478	0.839067	0.261912	0.559826	0.9776	0.884347	0.599568	0.441558	0.618712	0.805428	0.80936	0.833559	0.900058	0.664171	0.70364	0.595231	0.832398	0.810255	0.958493	0.712405	0.731413	0.774751	0.787752	0.78428	0.434458	0.80835	0.664479	0.9117	0.89434	0.682445	0.49302	0.565619	0.376172	0.964113	0.733325	0.52226	0.408425	0.448372	0.392869	0.516615	0.360756	0.275864	0.411642	0.515032	0.36075	0.363027	0.568014	0.413678	0.436272	0.392197	0.436215	0.537937	0.379771	0.623753	0.383598	0.482573	0.916485	0.838267	0.521618	1.001833	1.064655	0.995191	0.923184	0.820401	0.640773	0.952125	0.719375	0.583465	0.585226	0.616268	0.551177	0.719185	0.713566	0.766146	0.531752	1.003128	0.784477	0.790292	1.064737	1.274438	1.28978	1.302768	1.285486	1.189696	1.116729	1.106637	0.971164	0.707556	1.09589	1.183542	1.040101	1.103975	0.984215	1.198488	1.393157	1.116727	1.051141	1.221244	0.977718	1.50979	1.409089	0.537785
1.492334	2.210196	2.487218	2.585122	2.460034	2.88488	3.962	3.305603	2.357007	2.208971	2.319419	2.55428	2.441502	1.512302	2.032042	2.308325	2.177565	2.226052	2.040185	2.200628	1.999695	1.753612	1.734528	1.654715	1.464407	1.57922	1.650041	1.679128	1.88158	1.93211	1.797143	2.034272	1.903955	2.088639	1.771355	1.865539	2.039514	1.888129	1.911854	1.797871	1.835612	1.791842	1.673282	1.802513	1.884889	1.801663	1.938496	1.876565	1.594525	1.308606	1.191196	1.635303	1.804191	1.653839	1.802959	1.688382	1.513184	1.298843	1.151485	1.552448	1.170689	1.141691	1.287021	1.348464	1.490162	1.276451	1.300426	1.472388	1.464554	0.665202	1.111494	0.861967	0.843834	0.63593	0.898336	0.878523	0.963497	0.992104	1.220757	0.908034	0.718059	0.613916	0.645703	0.675123	1.059868	1.346895	1.186903	1.100947	0.876776	1.011659	0.98783	0.89744	1.282176	1.283643	1.455667	1.217776	0.632169	0.84283	0.830718	0.67825	1.190258	1.114945	0.653912	0.583154	0.516831	0.508376	0.507677	0.778846	0.673049	1.270888	1.434835	1.141816	1.34835	1.260453	1.210056	1.136565	1.101381	1.039317	1.086161	0.907662	1.151757	1.460152	0	0	0	0	0	0	0	0	0	0	0	0	0	0	0	0	0	0	0	0	0.141009	0.197356	1.124454	1.343178	0.565597	0.682934	0.542339	0.823405	1.288687	1.19406	0.785215	1.095802	1.270581	1.332574	1.36484	0.933756	0.764572	0.657312	1.086218	1.124425	1.057626	0.550588	0.808714	0.813645	0.395429	0.992245	0.794552	0.841948	0.795847	0.966491	0.984854	0.957927	0.716882	0.563227	0.630898	0.667193	0.921814	0.940655	1.026964	0.877112	0.872227	1.106062	1.037174	0.815418	0.689909	0.436337	0.614076	0.512415	0.389748	0.478822	0.769732	0.693392	0.36306	0.530239	0.432298	0.64783	0.831392	0.806214	1.158344	1.425023	1.26704	1.354045	1.348793	1.3104	1.153472	0.835073	0.922245	0.752649	0.797706	1.132231	1.27412	0.844911	1.035368	0.895279	0.741138	0.663304	0.894924	0.839648	0.896352	1.095292	1.134412	1.164538	1.243713	1.29867	1.432357	1.334705	1.476164	1.31018	1.338202	1.276594	1.099053	0.941638	1.332568	1.387623	1.302795	0.792275	0.817729	0.67004	1.080525	0.889942	0.760443	1.341457	1.43853	1.454861	1.554927	1.202024	0.56119	0.868599
1.333025	1.943716	1.829434	1.837127	1.793981	2.055937	3.305603	4.042116	2.958827	2.501436	2.304787	2.339217	1.992273	1.22422	1.738826	1.891526	1.972537	1.899033	1.679247	1.845649	1.958309	1.639046	1.813061	1.659688	1.557576	1.59866	1.649735	1.67218	1.732011	1.556841	1.599582	1.734934	1.770604	1.604667	1.435607	1.47196	1.589038	1.538246	1.499745	1.447603	1.680974	1.685082	1.48789	1.619262	1.774087	1.634661	1.619494	1.3678	1.253652	1.008982	1.024836	1.181316	1.616284	1.646617	1.762603	1.565571	1.296161	1.115024	1.031092	1.183043	1.005012	0.982698	1.021089	1.079664	1.189763	1.114774	0.984475	1.206248	1.190301	0.590159	0.837651	0.522209	0.574051	0.429547	0.633348	0.577962	0.757454	0.869605	0.883369	0.7034	0.5597	0.612689	0.618793	0.403181	0.708094	1.224382	0.971747	1.016199	0.747134	0.602082	0.791683	0.794244	1.035833	1.173535	1.342199	0.855421	0.425371	0.701549	0.82144	0.58124	0.74632	0.816593	0.441898	0.282979	0.455701	0.28199	0.360808	0.693263	0.482493	1.182918	1.238113	0.945418	1.122525	1.124988	1.010169	0.912294	0.77527	0.777607	0.680365	0.769934	1.008817	1.179232	0	0	0	0	0	0	0	0	0	0	0	0	0	0	0	0	0	0	0	0	0.146612	0.192805	0.849915	1.279848	0.418941	0.57551	0.359835	0.700281	1.321873	1.204528	0.798144	0.936024	1.32419	1.174143	1.395414	0.671535	0.456366	0.543973	0.870118	0.894641	0.905213	0.737451	0.734706	0.737416	0.406378	0.729935	0.670644	0.723438	0.697036	0.665114	0.785282	0.841088	0.61191	0.687866	0.564105	0.693491	0.71357	0.725219	0.962211	0.62258	0.712189	1.119261	1.131992	0.921586	0.68332	0.531338	0.474009	0.432205	0.475018	0.41117	0.599991	0.454153	0.473967	0.333844	0.500974	0.635301	0.690483	0.67021	1.118997	1.505515	1.496063	1.496543	1.349656	1.255187	1.112	0.910517	0.820908	0.737462	0.605071	0.996025	1.223496	0.703252	0.769411	0.815191	0.614766	0.647277	0.916145	0.73241	0.838988	0.794213	1.003505	1.049573	1.113595	0.996103	1.223071	1.217502	1.221534	1.115589	1.113941	1.047981	1.12286	0.96381	1.166126	1.189432	1.135151	0.675513	0.683576	0.584433	0.877432	0.889121	0.619508	0.972705	1.283758	1.472886	1.441355	1.00712	0.519987	0.41011
1.391249	1.945729	1.52057	1.429412	1.253316	1.332022	2.357007	2.958827	4.065488	3.163431	2.384933	1.984368	1.674499	0.863189	1.041311	1.614217	2.075523	1.621215	0.988356	1.706114	1.673211	1.827722	1.675444	1.78514	1.534692	1.66984	1.78004	1.913674	1.881053	1.364558	0.864625	1.601084	1.857056	1.685709	0.659977	1.23979	1.526184	0.707896	1.031243	1.45822	1.700843	1.586177	1.273454	1.498237	1.581113	1.556904	1.672724	0.880031	0.58557	0.423273	0.397061	1.035999	1.635574	1.721679	1.736868	1.462607	1.157322	0.707363	0.366148	1.061483	0.590181	0.420185	0.5255	0.979923	0.998727	0.919284	0.759013	1.076021	0.951376	0.367885	0.389506	0.257249	0.474984	0.350259	0.402845	0.406462	0.354751	0.40814	0.947889	0.312648	0.375266	0.454447	0.401738	0.161624	0.712962	1.12707	1.087131	0.814825	0.451327	0.577696	0.730933	0.58586	1.108414	1.27594	1.431003	0.971818	0.408958	0.730666	0.760985	0.643902	0.960733	0.881655	0.236707	0.3283	0.238139	0.392708	0.076843	0.282444	0.294088	1.126898	1.280477	0.668162	0.810661	1.117472	0.930207	0.713586	0.576068	0.720716	0.476154	0.274199	0.949666	1.239605	0	0	0	0	0	0	0	0	0	0	0	0	0	0	0	0	0	0	0	0	0	0.269089	0.95888	1.355819	0.15742	0.510338	0.313707	0.718144	1.488614	1.217223	0.258349	0.988206	1.411745	1.541174	1.36652	0.490763	0.227038	0.666996	0.836768	1.059381	0.890152	0.303904	0.40212	0.584187	0.256811	0.832233	0.573797	0.515738	0.662323	0.691461	0.907351	0.87894	0.655694	0.404723	0.420795	0.291996	0.928895	0.808555	1.008192	0.510819	0.623193	1.197812	1.296858	1.082768	0.855073	0.534745	0.363881	0.169564	0.473976	0.530444	0.682135	0.644041	0.457798	0.311714	0.436303	0.602593	0.789977	0.408327	1.094469	1.638273	1.640525	1.581514	1.371848	1.228251	1.158062	0.702593	0.522037	0.577692	0.587494	0.89767	1.282052	0.739526	0.754626	0.795583	0.643761	0.584435	0.654144	0.660595	0.559551	0.947477	0.882579	0.901056	1.112203	1.094796	1.226933	1.15174	1.117385	1.064188	0.865974	0.969285	0.886779	0.625198	1.259812	1.386817	1.075656	0.516618	0.208769	0.413603	0.893953	0.367348	0.479581	0.901038	1.070155	1.233478	1.283348	0.640556	0.078935	0.334599
1.398054	2.065324	1.582108	1.309802	1.33886	1.432388	2.208971	2.501436	3.163431	4.086496	3.126951	2.2244	1.729704	0.995405	1.37389	1.628316	2.087511	1.683671	1.213161	1.803264	1.784507	1.895375	1.860038	1.857402	1.686274	1.71505	1.877685	1.973149	1.901919	1.287549	1.023133	1.6193	1.925413	1.710904	0.876378	1.146888	1.605638	0.883791	1.228075	1.472029	1.709236	1.57325	1.361351	1.584601	1.6993	1.570229	1.636106	0.888733	0.731765	0.505932	0.456408	0.905181	1.655071	1.763193	1.76638	1.489046	1.00852	0.720141	0.4661	0.965198	0.635622	0.39699	0.767887	0.798283	0.993348	0.895028	0.855523	1.0319	0.885969	0.156607	0.498488	0.433203	0.464885	0.24517	0.281197	0.453609	0.428095	0.540115	1.005158	0.560804	0.336441	0.352935	0.429543	0.286669	0.685252	0.985773	0.871578	0.783749	0.701547	0.766826	0.751769	0.352703	1.038045	1.357059	1.390157	1.070397	0.528972	0.482133	0.569257	0.645726	0.81609	0.811409	0.395305	0.272479	0.25133	0.239414	0.322242	0.284002	0.371081	1.256676	1.226932	0.590013	0.889621	1.004093	0.949129	0.707064	0.71433	0.735909	0.691423	0.605372	0.902034	1.136343	0	0	0	0	0	0	0	0	0	0	0	0	0	0	0	0	0	0	0	0	0.185087	0.126923	1.04535	1.357399	0.450515	0.405854	0.499211	0.912232	1.492978	1.290502	0.452309	1.068291	1.383769	1.607647	1.507649	0.642049	0.450962	0.591349	0.964193	0.977616	0.855036	0.367381	0.353592	0.767118	0.359874	0.94862	0.571594	0.55843	0.446628	0.651794	0.93182	0.792655	0.593085	0.556281	0.406315	0.490717	0.807695	1.097107	1.103914	0.625732	0.706095	1.194197	1.196756	0.92607	0.657124	0.474177	0.453746	0.474819	0.36108	0.62931	0.666715	0.45832	0.473971	0.360486	0.277664	0.457754	0.730176	0.755493	1.112611	1.691568	1.619125	1.631634	1.44071	1.321075	0.952908	0.719894	0.457104	0.37191	0.471589	0.851308	1.214072	0.646021	0.837091	0.497869	0.497576	0.274744	0.6153	0.61032	0.688138	0.760104	0.962192	0.94779	1.035002	1.012753	1.151892	1.10022	1.042795	0.950067	0.924102	0.797917	0.728062	0.592593	1.096498	1.259632	0.977348	0.41307	0.337143	0.362242	0.748467	0.484708	0.498096	0.837095	1.078196	1.37922	1.309673	0.695106	0.275469	0.27475
1.254835	2.006036	1.78268	1.586901	1.43613	1.621472	2.319419	2.304787	2.384933	3.126951	4.016545	3.100026	2.165041	1.219235	1.54864	1.909204	2.168593	1.984051	1.545897	1.954262	1.906894	1.839475	1.840181	1.757374	1.63147	1.663264	1.803529	1.789649	1.90964	1.571499	1.311344	1.792569	1.909477	1.779127	1.107388	1.498721	1.816906	1.25395	1.444956	1.558713	1.791445	1.673958	1.455438	1.585068	1.715409	1.640014	1.751861	1.291334	0.950258	0.895341	0.76624	1.227201	1.718663	1.724737	1.778066	1.648531	1.211141	0.878314	0.720365	1.192438	0.723387	0.696864	0.838532	0.995675	0.995198	0.930826	0.869898	1.045344	1.138944	0.364741	0.717502	0.427583	0.477584	0.518718	0.47575	0.493632	0.564584	0.739385	1.059335	0.560325	0.560941	0.469399	0.520721	0.379576	0.836692	1.164587	1.093002	0.850027	0.763385	0.725632	0.693521	0.613167	0.999076	1.288954	1.355457	1.030794	0.504421	0.612687	0.707925	0.641019	0.774703	0.880094	0.481645	0.352306	0.287219	0.360831	0.328522	0.321496	0.504186	1.162661	1.294269	0.774839	0.919103	1.076574	1.014265	0.992893	0.67731	0.541862	0.795747	0.712964	0.902456	1.111285	0	0	0	0	0	0	0	0	0	0	0	0	0	0	0	0	0	0	0	0	0.196732	0.185357	1.041053	1.342793	0.53979	0.660534	0.361165	0.897838	1.37702	1.232612	0.59891	1.068118	1.363285	1.458014	1.387395	0.73641	0.619414	0.704745	1.03623	1.099863	0.93181	0.321042	0.505314	0.662258	0.45404	0.935117	0.628032	0.666457	0.48144	0.789371	0.758073	0.77644	0.73078	0.32737	0.503982	0.393438	0.826717	0.895864	1.156181	0.560617	0.656702	1.266197	1.146093	0.817942	0.665893	0.474172	0.396417	0.434638	0.412545	0.337468	0.708196	0.532948	0.409569	0.305244	0.364	0.591925	0.689758	0.581591	1.149903	1.540306	1.511682	1.493132	1.367699	1.315953	1.147759	0.694677	0.499607	0.555733	0.449192	0.901121	1.097851	0.778782	0.831144	0.751356	0.333754	0.568563	0.743341	0.686981	0.594776	0.871895	1.006004	1.034376	1.158377	1.056137	1.15665	1.070555	1.206618	1.122869	0.856427	1.137637	0.874989	0.725018	1.249758	1.292341	1.072648	0.459361	0.474671	0.335171	0.802102	0.478466	0.532432	0.866782	1.157033	1.326219	1.348768	0.716977	0.27798	0.360489
1.266552	2.006798	2.203742	2.289209	2.112908	2.272652	2.55428	2.339217	1.984368	2.2244	3.100026	3.980937	3.021184	1.859586	2.242581	2.382926	2.326086	2.34679	2.240196	2.294067	2.123609	1.69901	1.810464	1.683355	1.65936	1.569321	1.680119	1.609652	1.804382	1.914962	1.980019	1.919379	1.836592	1.974163	1.910958	1.964836	1.994489	2.005118	2.073438	1.84463	1.722208	1.787408	1.680872	1.790906	1.891837	1.77257	1.812809	1.897077	1.747342	1.452159	1.328797	1.551322	1.60639	1.616602	1.67541	1.585025	1.318354	1.290738	1.233014	1.451997	1.18418	1.252188	1.411467	1.293066	1.298421	1.300319	1.14369	1.389374	1.284768	0.930277	1.183381	0.991795	0.875383	0.662246	0.769913	0.888349	0.958698	1.021913	1.02239	0.766259	0.660814	0.779089	0.674947	0.528479	0.954642	1.110227	0.98951	0.968211	0.858028	1.018076	0.960437	0.82213	1.061324	1.188118	1.301095	0.970022	0.691479	0.87081	0.63344	0.676848	1.047093	1.00878	0.454329	0.481732	0.483746	0.472905	0.454095	0.802331	0.670758	1.220516	1.309764	1.217951	1.212392	1.174603	1.128019	1.049721	1.056156	1.132495	1.203864	0.870677	1.13501	1.431728	0	0	0	0	0	0	0	0	0	0	0	0	0	0	0	0	0	0	0	0	0.117578	0.313598	0.885327	1.241405	0.866776	0.885518	0.337361	0.994548	1.215178	1.263172	0.914029	1.242254	1.271336	1.272467	1.325117	0.968011	0.649833	0.93586	1.103427	1.150137	0.896018	0.731641	0.770531	0.894707	0.657926	1.007231	0.907618	0.795535	0.739525	0.97491	0.795282	0.854055	0.955726	0.7579	0.778728	0.727053	0.855122	0.978861	1.138677	1.037924	0.952962	1.092083	0.875751	0.835141	0.796942	0.512722	0.386482	0.455152	0.338975	0.595862	0.59992	0.599952	0.514722	0.410352	0.566902	0.67686	0.647564	0.508246	1.128637	1.428805	1.397556	1.354204	1.396921	1.397511	1.127269	0.965561	0.93086	0.975347	0.940936	1.118855	1.187712	0.762558	0.739015	0.670987	0.600019	0.677081	0.714118	0.80531	1.09922	0.851408	0.883991	1.091476	1.140209	1.053424	1.331956	1.216418	1.370801	1.336012	1.314086	1.251624	1.223483	1.044804	1.252074	1.263885	1.251254	0.777082	0.762438	0.629203	0.985285	0.810232	0.733765	0.99007	1.255498	1.366953	1.375044	1.160661	0.633022	0.599936
1.177247	1.850108	2.253024	2.327546	2.469538	2.49348	2.441502	1.992273	1.674499	1.729704	2.165041	3.021184	3.947324	2.547733	2.786327	2.776685	2.294275	2.397308	2.315947	2.264048	1.981129	1.537954	1.434039	1.401272	1.30996	1.34329	1.269717	1.294262	1.710449	1.936067	1.950306	1.972514	1.712124	2.09664	2.126191	2.081676	2.086252	1.986005	2.016105	1.849715	1.647477	1.737437	1.725048	1.778701	1.692195	1.693486	1.830713	1.98756	1.825403	1.71832	1.680963	1.682978	1.51616	1.30552	1.439185	1.544355	1.494725	1.468436	1.406344	1.639117	1.411728	1.551667	1.48145	1.453822	1.441472	1.383288	1.23471	1.484037	1.547697	1.041755	1.380656	1.247312	1.184441	0.964238	1.046708	1.14688	1.202216	1.129132	1.346368	0.971715	0.812544	0.867865	0.908132	0.734273	0.87588	1.253894	1.098909	1.024488	0.911781	1.010565	1.199811	1.023567	1.218572	1.130004	1.180293	1.164652	0.800595	0.894477	0.785767	0.858561	1.200739	1.168774	0.814685	0.817688	0.770742	0.787137	0.797214	1.010787	0.872599	1.293555	1.430215	1.122465	1.246687	1.282701	1.091077	1.191636	1.153636	1.335763	1.199811	1.100654	1.196014	1.735246	0	0	0	0	0	0	0	0	0	0	0	0	0	0	0	0	0	0	0	0	0.202082	0.381013	1.034867	1.332948	0.732457	0.704695	0.363874	0.857308	0.981152	1.151311	0.921171	1.09546	1.171828	0.889807	1.245872	0.929707	0.711549	0.864656	1.027856	1.062036	1.074965	0.77175	0.916633	0.905295	0.724628	1.003504	0.888524	0.936306	0.821157	0.918266	0.883681	0.9242	0.993854	0.827254	0.735793	0.653341	1.068141	0.940256	0.949498	0.858381	0.948516	0.831627	0.871227	0.683243	0.638998	0.457887	0.475109	0.432794	0.530268	0.51954	0.765156	0.570016	0.534744	0.513775	0.516928	0.671408	0.746089	0.632748	1.101162	1.10002	0.977476	1.056738	1.007526	1.173156	1.157538	0.909279	0.98502	0.869126	0.932462	1.070543	1.144828	0.983765	0.821942	0.82672	0.775172	0.760931	0.834158	0.828815	0.964595	0.978066	1.009959	1.01623	1.260137	1.151129	1.267911	1.268063	1.34165	1.354333	1.246188	1.304617	1.040251	1.273787	1.270218	1.320429	1.338884	1.006593	0.879731	0.786651	1.149578	1.114866	0.950691	1.222695	1.28407	1.387269	1.322066	1.397529	0.882033	0.662244
0.198245	0.830874	1.657889	1.630401	2.290392	2.24529	1.512302	1.22422	0.863189	0.995405	1.219235	1.859586	2.547733	3.025363	2.899604	2.277371	1.246413	1.672847	2.011271	1.320297	1.390442	0.522033	0.724398	0.59709	0.684957	0.709403	0.637095	0.477138	0.501814	1.090873	1.438949	1.077201	0.640226	1.142785	1.979729	1.50796	1.01695	1.550316	1.357929	1.090147	0.698282	0.767437	1.085007	0.965902	0.719709	0.898847	0.865023	1.365744	1.361878	1.537352	1.456778	0.864241	0.347952	0.101554	0.36911	0.448005	0.52539	0.859085	0.986148	0.743696	0.897409	0.979215	0.983241	0.779614	0.800266	0.757203	0.713109	0.639845	0.603208	0.829197	0.687841	0.749126	0.608644	0.623128	0.673163	0.873371	0.7469	0.679819	0.475011	0.613822	0.479173	0.259768	0.522833	0.636051	0.457277	0.374815	0.248841	0.344213	0.344943	0.562621	0.499422	0.615508	0.425146	0.13749	0.068806	0.359921	0.444887	0.421797	0.207112	0.439	0.304946	0.43204	0.55993	0.533585	0.635223	0.650492	0.533666	0.557798	0.426143	0.187585	0.191608	0.658907	0.652152	0.59495	0.47309	0.765868	0.513564	0.658503	0.350698	0.565873	0.354577	1.278772	0	0	0	0	0	0	0	0	0	0	0	0	0	0	0	0	0	0	0	0	0	0.280712	0.178966	0.279459	0.322559	0.228047	0.189208	0.13393	0.065615	0.339706	0.165186	0.449533	0.342676	0.237381	0.288103	0.200549	0.288534	0.431797	0.399603	0.240748	0.51247	0.323598	0.460409	0.434597	0.367242	0.466051	0.318149	0.273073	0.142322	0.148889	0.191499	0.267731	0.146634	0.468912	0.246493	0.316511	0.142809	0.095892	0.142952	0.337311	0.303396	0.20212	0.026465	0.086826	0.249424	0.199887	0.260523	0	0.104334	0.139693	0.297112	0.372008	0.100588	0.202296	0.041432	0.292594	0.239911	0.259372	0.1266	0.175908	0.215109	0.142324	0.250338	0.127773	0.125997	0.363847	0.513533	0.275098	0.534953	0.474615	0.334774	0.432251	0.385728	0.284646	0.30548	0.37561	0.280278	0.385025	0.360493	0.364217	0.249187	0.433922	0.364459	0.390042	0.498263	0.560277	0.398739	0.57731	0.663403	0.520532	0.421452	0.478637	0.627013	0.206474	0.389712	0.516343	0.465538	0.614375	0.244415	0.547415	0.695012	0.551294	0.527196	0.431442	0.470743	0.666008	0.690374	0.172096
0.656151	1.233224	2.044981	2.177569	2.431647	2.500051	2.032042	1.738826	1.041311	1.37389	1.54864	2.242581	2.786327	2.899604	3.81531	3.30143	1.90568	2.253014	2.564127	2.042197	1.925288	1.14205	1.334061	1.153417	1.299594	1.091852	1.131409	0.891672	1.013963	1.862662	2.073656	1.750278	1.047084	1.742803	2.289445	2.093399	1.726613	2.162381	2.033019	1.676312	1.264797	1.558303	1.745721	1.564169	1.509303	1.576395	1.447036	2.06936	1.999344	1.956968	1.924471	1.578737	0.803002	0.624426	0.798031	1.048252	1.149339	1.589905	1.696891	1.507323	1.612676	1.651775	1.636101	1.511594	1.487	1.457848	1.297712	1.315107	1.35162	1.435964	1.381394	1.32386	1.240943	1.12786	1.265396	1.399852	1.308271	1.235841	0.934361	0.862327	0.985338	0.954767	1.040141	1.015863	0.990001	0.827194	0.79408	1.069829	1.030769	1.254767	1.059864	1.019545	1.03766	0.677806	0.602072	1.030565	1.010986	0.845206	0.930175	0.874581	0.876579	0.991324	0.995568	0.897288	0.91116	0.960142	0.989434	1.052425	1.109894	0.969213	1.026191	1.280952	1.249056	0.980764	1.025658	1.254163	1.083377	1.242354	1.129346	1.238005	1.155329	1.702932	0	0	0	0	0	0	0	0	0	0	0	0	0	0	0	0	0	0	0	0	0.20011	0.416904	0.413287	0.79063	0.798275	0.803382	0.492508	0.861048	0.534701	0.756796	1.101957	1.05966	0.75925	0.343722	0.723839	0.997793	0.894772	0.952402	0.95818	0.814952	0.928762	0.788006	0.990669	0.964868	1.012468	0.987551	1.056071	0.856388	0.88027	0.778378	0.754755	0.708947	0.747797	0.98427	0.905565	0.94677	0.732974	0.904246	0.603258	1.042017	0.940512	0.55851	0.410951	0.41635	0.516652	0.602111	0.334015	0.496854	0.477978	0.549526	0.568899	0.65337	0.568552	0.478078	0.639336	0.723046	0.641332	0.655212	0.639777	0.741249	0.578718	0.703819	0.958152	0.945668	0.756013	1.072671	1.054407	1.196507	0.994233	1.028018	0.776818	1.043923	0.814347	0.710383	0.792874	0.95763	0.699153	0.728299	1.05129	0.824809	0.865759	1.066875	0.980378	0.952524	1.026092	1.212983	1.09458	1.33064	1.333335	1.294223	1.185442	1.198248	1.155289	0.9389	1.177706	1.16966	1.01511	0.977673	1.201164	1.121193	1.189514	1.064301	1.278517	1.292412	1.186494	1.402107	1.210419	0.534213
1.218294	1.768684	2.19194	2.257528	2.126968	2.166665	2.308325	1.891526	1.614217	1.628316	1.909204	2.382926	2.776685	2.277371	3.30143	4.024254	3.002239	2.623877	2.428418	2.375681	2.102895	1.613661	1.554081	1.493115	1.50851	1.434886	1.460948	1.370695	1.730928	2.054428	2.02909	2.059571	1.785786	2.152261	2.059204	2.063576	2.132929	2.083923	2.05747	1.904544	1.815855	1.839587	1.749696	1.804128	1.782873	1.781076	1.902604	2.033937	1.895788	1.576588	1.536037	1.750797	1.625983	1.351917	1.556985	1.61578	1.55408	1.526311	1.444634	1.742458	1.588375	1.529401	1.584073	1.577835	1.669352	1.544099	1.415476	1.522978	1.636914	1.178302	1.328268	1.197661	1.144195	0.919942	1.036867	1.137027	1.21956	1.174745	1.32398	0.957922	0.843786	0.942749	0.882089	0.799969	1.04951	1.315795	1.118056	1.217109	1.017843	1.148102	1.291822	1.084838	1.289312	1.214268	1.20616	1.292829	0.869505	1.049525	0.880865	0.982343	1.218691	1.104805	0.639482	0.80013	0.651973	0.575141	0.861286	0.98565	1.009156	1.393122	1.415409	1.20283	1.327974	1.301196	1.17089	1.261151	1.277356	1.063175	1.316761	1.044209	1.233512	1.612178	0	0	0	0	0	0	0	0	0	0	0	0	0	0	0	0	0	0	0	0	0.337947	0.356568	1.077672	1.287463	0.777386	0.779702	0.639464	1.084146	1.075045	1.16941	0.935273	1.118316	1.23174	1.079716	1.294312	1.09332	0.962421	0.917683	1.159518	1.107212	1.102054	0.903081	0.966389	1.049074	0.68747	1.221377	1.027999	1.034862	0.984211	1.01432	0.987983	1.007437	1.025077	0.964151	0.917549	0.842208	1.09758	1.119059	1.266871	1.160929	1.005294	1.113401	0.930134	0.891769	0.78473	0.497946	0.596005	0.533192	0.624789	0.656645	0.729053	0.825181	0.614672	0.597301	0.579235	0.877768	0.736642	0.75385	1.06182	1.225201	0.969056	1.008577	1.230717	1.23766	1.117487	1.17232	1.113963	1.115875	0.923581	1.222079	1.249911	0.987823	1.136875	0.77286	0.837429	0.802078	0.934701	1.014396	1.00746	1.151499	1.103968	1.223626	1.347136	1.172505	1.394456	1.334279	1.472234	1.412163	1.409609	1.399257	1.369629	1.257967	1.362129	1.424806	1.356399	1.037698	1.008684	0.729848	1.213608	1.027889	0.998724	1.259588	1.452096	1.476282	1.498547	1.312198	0.770577	0.69607
1.435324	2.16095	1.979917	1.729083	1.315253	1.417534	2.177565	1.972537	2.075523	2.087511	2.168593	2.326086	2.294275	1.246413	1.90568	3.002239	4.074764	3.206921	1.974888	2.380707	2.122097	2.254267	1.882788	1.891567	1.741797	1.739643	1.888075	1.917261	2.115882	1.84343	1.368437	2.016237	2.15484	2.093617	1.204856	1.709586	2.030195	1.35526	1.709342	1.861655	2.00944	1.831427	1.489899	1.791762	1.869157	1.757578	1.979638	1.446899	0.958218	0.912843	0.783537	1.537263	1.955655	1.914876	1.966447	1.744376	1.478877	1.046578	0.809944	1.445475	0.912762	0.765797	0.885283	1.192265	1.263566	1.129612	1.16265	1.400705	1.385755	0.545449	0.870234	0.654245	0.739255	0.472487	0.406746	0.666398	0.585809	0.762644	1.264671	0.785309	0.536355	0.476499	0.519894	0.428779	0.951262	1.341517	1.202265	1.018895	0.782201	0.901182	0.895782	0.784638	1.202018	1.34951	1.514054	1.24269	0.617416	0.778039	0.684115	0.699895	1.106483	1.136305	0.363168	0.46978	0.396991	0.296894	0.363932	0.469283	0.63741	1.443097	1.400695	0.948526	0.948607	1.222897	1.064131	1.035828	0.84623	0.932457	0.916165	0.471862	1.268945	1.186706	0	0	0	0	0	0	0	0	0	0	0	0	0	0	0	0	0	0	0	0	0.130548	0.431644	1.540648	1.843717	1.466532	1.154039	1.445834	1.391877	1.48823	1.477776	0.867704	1.156559	1.481498	1.554783	1.609027	0.944003	0.65451	0.716732	1.212624	1.145242	1.085485	0.583796	0.798485	0.68539	0.577619	1.122044	0.846247	0.735803	0.72684	0.99257	1.089974	1.112712	0.755827	0.369704	0.384227	0.409018	1.08392	1.12323	1.314534	0.896856	0.928556	1.360078	1.464351	1.183599	1.004804	0.638949	0.386183	0.498635	0.581946	0.514138	0.750681	0.586642	0.27484	0.334334	0.413567	0.59318	0.860808	0.601254	1.264384	1.640561	1.609247	1.575631	1.432986	1.433016	1.241635	0.877154	0.739602	0.57678	0.674745	1.098501	1.404747	0.832805	1.017458	0.726195	0.554191	0.568853	0.842306	0.628038	0.8133	0.994623	1.181141	1.078188	1.287702	1.165762	1.38353	1.143874	1.346237	1.227691	1.106654	0.990433	1.009176	0.980213	1.86994	1.545384	1.152175	0.620019	0.478304	0.494009	1.003388	0.638017	0.409341	1.183357	1.348023	1.520014	1.478236	0.972796	0.31116	0.677508
1.121507	1.919128	2.132784	2.180618	1.887396	2.01192	2.226052	1.899033	1.621215	1.683671	1.984051	2.34679	2.397308	1.672847	2.253014	2.623877	3.206921	3.982883	3.121824	2.782059	2.377888	2.037757	1.848449	1.809231	1.683652	1.669516	1.734418	1.662031	1.873359	1.989258	2.009917	2.039577	1.862427	2.096443	1.93283	2.003032	2.065023	2.01673	2.070485	1.921393	1.833475	1.87824	1.710661	1.868822	1.898997	1.78885	1.905217	1.898654	1.808709	1.416195	1.326497	1.669344	1.607634	1.581483	1.704531	1.780447	1.508917	1.430238	1.25445	1.581656	1.306314	1.288286	1.478238	1.443515	1.484856	1.431323	1.347723	1.573116	1.543941	1.040682	1.184812	0.993175	1.081356	0.705568	0.844955	0.829403	1.115274	0.968877	1.199663	0.82548	0.617385	0.805319	0.871302	0.630159	0.972668	1.283041	1.06815	1.007575	0.875304	1.052022	1.033583	0.883772	1.221063	1.256054	1.264749	1.19109	0.837492	0.857998	0.846917	0.788531	1.083687	1.095325	0.582796	0.603156	0.558652	0.559429	0.580885	0.761182	0.975456	1.384286	1.552903	1.169434	1.240726	1.307007	1.278639	1.282246	1.07499	1.21718	1.140765	1.038774	1.258791	1.466461	0	0	0	0	0	0	0	0	0	0	0	0	0	0	0	0	0	0	0	0	0.161576	0.551315	1.32612	1.677374	1.42992	1.026688	1.3667	1.445438	1.345931	1.331948	1.001382	1.085982	1.411872	1.344841	1.396865	1.040475	0.762949	1.012384	1.17589	1.216638	1.196474	0.769447	0.990125	1.010527	0.731398	1.139777	0.823899	0.898076	0.642891	0.790518	1.021647	0.828795	0.734957	0.960061	0.824972	0.761412	0.963043	1.012442	1.175262	1.079141	1.01791	1.267684	1.107367	0.942352	0.948844	0.675622	0.517052	0.493497	0.549504	0.550496	0.684456	0.627849	0.564267	0.386886	0.530578	0.629146	0.817951	0.534554	1.117884	1.42964	1.26074	1.232281	1.273295	1.352074	1.172061	0.938348	1.064032	1.052398	0.940632	1.14219	1.12899	0.995782	0.890632	0.846978	0.706823	0.802072	0.810731	0.912997	0.869647	0.975598	1.111114	1.134833	1.260564	1.106758	1.423463	1.272975	1.429679	1.373187	1.325352	1.318711	1.116443	1.053468	2.10052	1.413383	1.190179	0.851706	0.872184	0.682478	1.180383	0.941909	0.824557	1.083176	1.30867	1.437583	1.482688	1.160651	0.614863	0.625454
0.877611	1.402363	2.22023	2.310445	2.391112	2.384527	2.040185	1.679247	0.988356	1.213161	1.545897	2.240196	2.315947	2.011271	2.564127	2.428418	1.974888	3.121824	3.903584	3.054274	2.494764	1.404412	1.797178	1.537488	1.527304	1.505263	1.422739	1.154787	1.181044	1.977095	2.256283	1.90529	1.213995	1.798484	2.318228	2.070439	1.749253	2.297803	2.160838	1.873112	1.237933	1.718811	1.831477	1.668848	1.636124	1.628608	1.533606	2.068287	2.118114	1.944586	1.751625	1.428999	0.912955	0.746872	0.944904	1.174451	1.200096	1.557612	1.644935	1.282821	1.566102	1.569767	1.568886	1.468126	1.380681	1.446575	1.25717	1.323076	1.280672	1.290639	1.237999	1.267812	1.023472	0.984575	1.114846	1.252686	1.283374	1.291476	0.898144	0.853446	0.796207	0.713004	0.97789	0.805804	0.959647	0.793572	0.835759	1.070799	1.066498	1.198836	1.233235	1.161098	0.837182	0.42667	0.629493	0.774055	0.868119	0.744242	0.71717	0.857812	0.897639	0.95533	0.789578	0.785477	0.871247	0.872288	0.849418	1.07139	1.133333	0.988876	1.046294	1.394732	1.443059	1.112754	1.197842	1.145471	1.290232	1.326923	1.21568	1.272761	1.027633	1.698463	0	0	0	0	0	0	0	0	0	0	0	0	0	0	0	0	0	0	0	0	0.290205	0.496355	0.673936	0.858168	0.841224	0.927743	0.559745	0.978075	0.821156	0.893031	1.188374	1.175395	0.969971	0.568463	0.763814	1.151459	0.915918	0.886434	1.093188	1.080898	0.942328	0.958698	0.866723	0.947846	1.040255	0.988355	1.078722	0.906521	0.738423	0.795071	0.617332	0.679244	0.672143	1.029795	0.918401	0.950958	0.544588	0.595694	0.723	1.029945	1.037346	0.594426	0.533837	0.523941	0.43337	0.430503	0.407118	0.17676	0.247529	0.309171	0.245054	0.476859	0.336271	0.418028	0.475404	0.454027	0.564882	0.737182	0.825692	1.003477	0.753477	0.73969	1.195362	1.067045	0.841319	1.021263	0.998131	1.086515	1.019238	0.894275	0.728262	0.807347	0.764484	0.549942	0.515455	0.638523	0.673412	0.600858	0.922199	0.659158	0.703459	0.985816	0.974887	0.914892	1.154227	1.128971	1.205921	1.275171	1.241177	1.234041	1.10832	1.073936	1.065581	0.676143	1.061762	0.942494	0.820763	0.811658	0.753385	1.014337	0.92907	0.860947	0.951386	1.21542	1.215264	1.052539	0.811996	0.465072
