9174.498601	4670.273691	460.650893	206.996462	76.720706	76.792959	230.558951	99.356078	157.090798	156.034483	147.964425	179.523911	131.234504	11.292463	46.529911	113.519756	195.125905	102.45414	44.657435	110.507442	69.03982	111.033038	122.803287	105.574036	78.910546	73.492724	134.439934	120.318102	136.708122	67.768316	29.505587	109.074813	162.754847	81.058658	13.634771	61.539429	118.151162	51.540436	87.177064	87.361784	118.348754	75.863708	46.615773	104.592533	126.250707	128.69791	99.786951	53.577026	13.863324	5.898759	8.776061	31.807962	83.100114	84.667261	72.687627	33.58566	7.412215	8.38503	6.882287	14.463178	9.013111	15.183448	12.521875	17.721912	9.93135	29.706075	7.707944	17.387886	11.528103	0.646911	8.692192	5.088699	2.278029	3.779354	4.302122	2.122332	6.988849	5.173337	10.839294	3.97021	2.236487	0.863523	3.306935	2.729629	7.303197	12.000859	3.926802	11.453162	0.533285	7.087822	13.776478	7.012714	15.625186	28.284189	11.087819	9.409773	1.97143	2.856397	1.381812	1.135926	17.060042	11.082977	0	0.167715	0.151743	0.416788	0.364814	2.743137	2.168473	29.922811	38.648954	33.199365	27.626387	30.670178	26.597214	15.010995	11.954691	28.925726	15.201657	5.574866	12.848848	32.292447	0	0	0	0	0	0	0	0	0	0	0	0	0	0	0	0	0	0	0	0	10.613952	6.075795	16.97134	31.577594	12.898036	14.529429	5.460919	20.763816	52.456282	34.632904	20.668198	41.579768	55.99657	48.953265	35.199894	12.898536	5.247541	6.390799	26.011873	24.576568	5.950979	6.929806	2.96949	4.674952	6.36231	16.584659	8.080529	10.350325	1.26642	5.699012	7.342774	12.409633	9.649235	4.119181	3.043782	3.701436	5.715408	10.811654	12.229587	10.676647	14.103879	14.074957	6.276932	5.15418	1.237928	5.379101	0.180983	0.1844	3.684016	2.546161	5.335952	6.371891	3.752316	1.899944	3.110076	3.152327	4.109398	2.896938	10.133436	32.268969	38.371612	34.545407	30.772134	43.597304	23.265586	28.287408	5.676346	3.451836	2.909388	14.242021	21.914378	6.228751	5.671243	6.410391	2.453436	2.448184	1.858954	5.157347	5.684161	2.907501	11.080802	27.23152	64.942268	14.51198	29.805025	34.432666	62.43962	20.998137	23.559733	19.581297	6.785665	8.455591	20.944814	25.427231	11.51468	6.863104	1.338216	2.598929	2.894533	6.272	6.785359	19.715141	11.100704	23.755701	17.927522	9.203689	3.461414	7.625262
4670.273691	43327.767534	6255.729582	1536.523698	516.679921	405.510998	1143.563726	535.742337	578.757523	606.082686	509.170842	568.332842	460.483565	46.51529	228.610071	369.102873	565.987765	308.197019	217.071502	339.796081	225.621479	273.395454	290.713908	237.29491	251.391717	250.715521	346.195434	303.663359	288.548849	212.710448	158.394143	243.71612	306.340288	236.611168	83.611709	224.362309	275.965582	171.668013	241.480906	189.954674	219.004741	180.100204	136.657803	253.053188	245.55682	249.224447	233.705165	180.526794	64.959148	21.399338	38.233137	129.994654	188.678721	197.119099	146.072123	96.238359	23.35305	31.337959	21.730451	51.135089	24.1024	43.419088	40.794126	48.73736	32.34165	72.48865	22.718353	35.571034	31.48375	10.210954	27.619955	30.789925	10.601146	6.436394	6.412752	14.891979	22.226983	22.365564	30.771677	5.70591	5.28857	8.553378	8.115965	5.176069	15.26304	23.374128	17.74499	32.776946	8.412127	27.507261	26.52654	41.085226	59.509967	41.45425	20.138716	30.283352	13.873733	14.011951	9.811343	10.643162	35.356777	30.009735	8.332017	2.506355	3.07315	5.019779	6.936733	5.645297	18.452761	55.005157	73.56838	42.866926	49.215803	57.478956	44.465358	34.556353	32.627495	48.455716	37.795958	23.247129	28.821532	51.982637	0	0	0	0	0	0	0	0	0	0	0	0	0	0	0	0	0	0	0	0	5.077858	11.885876	28.538641	86.162695	30.06286	35.823883	11.767611	46.714625	113.700367	98.151117	42.58857	86.156471	117.318654	125.514849	104.967473	33.201187	25.374429	29.713512	68.869263	63.822329	38.167796	9.082434	14.362087	31.88035	29.660619	51.625503	24.154467	20.298036	8.345249	26.795772	22.714903	39.084636	39.521586	19.032153	15.678231	5.671345	19.744746	41.067431	44.302647	40.146264	60.452549	26.961431	28.159929	22.723113	13.230808	3.482619	6.923191	6.818776	2.991909	6.238332	7.914423	5.151771	9.576636	7.95477	8.072554	18.212316	15.186802	9.015551	31.414139	67.596287	95.372089	86.324146	89.173241	94.12264	49.903109	60.038056	28.492903	13.961296	9.354326	38.158309	49.384563	32.189681	11.072896	6.790017	3.05519	8.453086	11.345591	7.412626	25.06836	13.464027	18.076613	27.620373	49.013008	39.790311	82.738584	81.685805	150.178232	83.673637	60.262826	59.30181	15.186802	28.822317	46.419157	60.098795	38.290308	15.145382	8.616415	5.921252	10.900568	20.780212	21.830076	21.656251	30.578628	46.449424	46.062004	42.635459	11.529254	11.612358
460.650893	6255.729582	42639.527939	10975.946711	2372.532294	1663.257281	1617.806689	1131.676353	725.575803	646.94658	461.723971	459.145776	443.317047	147.186947	319.725776	390.280918	341.534339	322.44056	356.144706	299.647812	246.53565	226.292141	274.411192	227.348155	177.765554	187.820206	196.442678	194.682121	192.081445	207.114825	236.652256	200.594975	256.752072	253.217927	190.221117	218.156363	215.143588	224.595768	164.238327	164.767596	167.632154	185.506657	176.772627	199.976518	197.670817	169.295604	185.354071	188.551597	113.567408	49.655788	59.31053	115.304889	167.750736	202.744734	198.238626	102.435342	37.449967	40.605455	43.537607	70.569895	27.121137	46.073733	41.452117	50.593521	43.448955	60.987566	38.821178	49.21556	38.820664	15.665915	34.346593	24.040326	15.666722	9.918806	9.873425	28.078925	20.790065	23.067535	30.701594	6.244149	9.195652	10.381703	11.709652	12.843024	25.78594	29.930094	12.735138	23.310364	13.503527	19.079751	31.181214	29.894747	41.91283	45.463879	32.557165	20.812024	7.290386	11.075806	6.014092	12.435944	26.063088	20.753022	9.38536	2.949906	3.640832	4.684849	6.818929	7.561811	11.447786	36.916047	55.776236	42.274599	43.716916	41.090955	44.247333	30.560474	29.008897	36.669079	25.583561	25.976936	30.389856	99.747907	0	0	0	0	0	0	0	0	0	0	0	0	0	0	0	0	0	0	0	0	8.871493	17.609582	26.82868	50.446299	28.388457	21.1972	13.731839	39.636015	57.661456	58.004228	42.578451	65.952713	54.176635	75.445866	62.308923	39.433091	25.738321	32.184849	51.223817	47.975993	30.490183	8.903584	16.168367	31.446777	24.762203	36.299435	20.440442	17.269219	14.492514	13.771222	22.311543	26.480327	26.584367	26.801672	13.380753	13.371196	18.09859	28.532562	38.365712	33.086187	45.237814	29.774787	19.749013	16.278608	6.286013	5.757085	1.850362	4.707334	8.490337	9.031682	5.134637	9.033797	6.319292	3.515152	7.917792	8.454774	8.520706	7.900517	31.334661	67.309183	60.389525	75.485935	66.902843	72.186803	39.041662	46.648206	31.077666	24.493321	19.17501	26.378588	49.547379	27.653279	15.712504	5.671311	8.469315	7.896569	11.2725	7.509152	29.008885	10.482304	20.017513	29.320785	51.161156	39.397785	84.039422	95.867774	161.5094	123.326035	77.561326	46.870488	19.365607	23.328065	43.559757	54.928138	42.307858	8.79145	13.35918	6.889056	7.629211	16.960037	14.647168	19.536717	38.566208	73.766744	63.305299	28.073526	12.31044	9.711446
206.996462	1536.523698	10975.946711	41871.196098	7412.228337	3469.376447	2994.214797	1364.735489	588.916865	590.817177	446.321566	436.466457	447.73799	170.730371	343.40222	402.363529	337.490938	331.225064	369.297328	294.76532	249.658241	199.961123	250.275842	213.242584	172.869475	170.87485	186.89182	160.175736	178.153894	200.109611	211.500759	199.945442	255.433212	282.531378	199.980893	216.385518	211.374015	205.754865	177.115535	146.229618	181.144573	194.565057	179.463396	162.38497	186.206429	150.454451	202.853459	185.266048	116.07436	48.503486	74.814132	192.968199	218.861425	212.049137	269.123944	151.875214	45.977684	46.334206	43.308798	91.4722	24.238747	76.074695	58.968699	70.500223	60.33226	102.386154	40.266617	52.797956	48.295132	18.267791	31.478065	28.721846	13.159867	9.870549	12.35691	23.469566	25.692936	17.269679	36.265242	12.461529	10.731341	4.712427	15.412323	4.673424	23.326453	28.478781	15.654526	36.214952	9.38487	28.431881	34.680759	27.737037	40.790724	47.718935	32.019554	31.235495	8.796326	14.663413	7.100236	3.104849	23.269462	20.97459	5.187073	2.437969	2.210983	5.526942	4.065725	9.405919	10.608321	38.39778	47.098277	42.124113	46.69121	41.876123	30.395412	24.791359	31.31406	41.583128	36.611344	19.683686	34.172381	86.871762	0	0	0	0	0	0	0	0	0	0	0	0	0	0	0	0	0	0	0	0	12.623879	12.906538	27.914184	47.653036	27.23474	27.626848	17.250925	31.542244	48.788069	50.044069	50.016661	60.776529	53.403355	61.217196	63.160045	37.583273	21.343408	23.721666	41.896608	37.302316	35.723783	14.975238	16.846895	34.50239	33.986721	37.677658	32.096868	21.735803	8.785007	19.859542	17.984632	36.563186	30.720262	36.165261	11.589244	10.273581	24.759305	43.483132	56.283776	44.791988	60.974672	40.699039	31.453219	16.440141	11.858503	6.347583	4.066116	1.850973	5.174946	11.324048	13.516733	10.711211	6.850703	3.479408	9.018517	14.733571	12.658909	5.157128	32.509651	63.211401	68.122207	73.46668	68.827424	58.197819	42.843611	43.115836	50.906113	20.001531	16.192938	37.944037	50.816587	44.175453	24.445349	6.246613	5.691853	6.929098	9.648603	12.242097	29.461204	12.908606	23.954538	45.181503	66.80706	49.2778	93.325709	80.315037	111.545787	114.983396	97.178693	71.168219	29.772679	35.34851	53.519652	70.287878	39.972687	14.06769	11.08216	11.256062	18.703559	27.008974	25.636178	37.174895	58.27724	111.317055	101.052561	39.26873	11.695854	28.54888
76.720706	516.679921	2372.532294	7412.228337	37049.68077	14623.520629	2461.075719	1699.402613	428.796569	325.578803	319.812471	342.523759	373.743585	245.580011	638.5903	359.517546	230.812195	275.741259	529.485489	232.633278	263.431438	117.892995	166.043703	137.663682	114.015769	124.248753	92.499334	95.262532	89.274012	184.098264	245.100205	195.951626	140.377092	226.010427	437.920655	201.156714	164.20645	225.334409	154.621572	100.572468	102.431413	155.737569	219.547628	134.400146	137.732878	113.955999	116.99857	135.395551	183.805163	125.141705	128.680442	158.866803	112.394221	140.220107	182.783941	148.989565	127.952449	94.407316	103.771178	98.430342	76.148872	73.140748	91.161898	76.800823	109.114853	73.055813	62.257128	55.684236	53.746081	38.878196	29.991796	30.143025	24.730339	26.779962	21.634757	26.692639	38.784096	34.226752	41.014779	26.932259	15.461181	27.926326	22.253497	16.254028	28.065057	39.982354	27.912968	34.631875	19.862067	33.695723	33.907426	29.218535	31.912845	29.641332	36.728753	22.01941	13.856004	19.297127	8.817971	13.137072	25.655481	25.699804	11.02886	17.13161	10.330087	17.790639	12.502394	20.462662	37.924044	30.27737	29.374338	46.154627	48.399356	32.259148	36.394649	35.907594	35.670573	29.758828	26.942715	27.847863	34.949411	138.429347	0	0	0	0	0	0	0	0	0	0	0	0	0	0	0	0	0	0	0	0	10.739008	22.332525	31.577809	34.802005	13.583584	32.393044	13.124595	31.383003	38.458542	42.308549	66.400813	50.61272	34.370178	32.370366	39.176362	47.26571	28.156596	31.762798	23.176073	27.597755	29.228089	24.047358	23.63921	35.246516	35.531829	39.347518	33.870586	22.976955	16.167405	22.148353	32.152702	25.406256	38.780015	37.979319	26.872013	25.854771	26.786338	31.861971	37.151396	46.792398	41.964694	42.411299	39.841802	22.595912	17.189272	9.695781	6.251174	10.255915	7.350861	10.123745	15.763577	8.473687	10.126723	7.902033	13.053757	19.277305	16.925332	20.28732	44.127049	46.632121	37.199917	65.556326	49.442359	41.911067	31.938314	34.101028	50.957142	32.109264	31.667918	31.334204	38.35005	39.742789	36.805896	19.248423	16.571452	17.544691	18.095684	21.050801	34.338471	28.7885	36.994151	51.684143	46.172011	51.003572	64.254326	48.599032	62.36446	86.962493	80.053061	60.076286	57.903785	38.152265	47.550207	49.975175	56.224609	38.990709	30.157	25.019538	32.807503	31.227337	27.411408	50.561648	66.00858	103.49887	90.086593	46.167531	24.599348	21.12729
76.792959	405.510998	1663.257281	3469.376447	14623.520629	38360.955388	7699.820978	2363.808636	554.521677	429.409757	327.656121	369.515358	419.504833	244.594318	508.275376	388.591833	283.330361	267.756148	536.026629	266.7667	255.927019	138.789834	167.993604	149.502383	109.971811	113.872806	104.0954	108.792587	86.358495	160.378047	249.525772	164.516359	105.345072	215.15927	425.950074	196.549466	136.203766	218.277814	141.669123	122.618788	101.150471	152.534946	207.668866	136.783427	149.085506	103.260234	124.30216	139.559761	173.502546	119.469303	137.466844	160.323048	111.562826	148.398144	172.066836	143.237019	96.004264	93.386903	92.338197	107.678441	55.649311	73.791398	64.820451	79.073368	88.14467	79.58524	49.661109	56.796911	43.438404	27.728952	27.090339	33.252801	31.134112	23.53884	25.548819	32.097984	33.031606	33.928412	35.836596	26.621709	23.65647	21.724067	20.018467	16.45177	25.833835	36.300023	23.508723	31.958248	22.110427	38.679755	33.740998	32.75411	33.977425	31.927418	33.247118	38.589694	18.999385	15.540803	13.281757	15.614917	33.991664	25.343198	10.107263	10.284287	7.233475	11.076136	15.405777	14.892086	22.253165	40.200648	42.737184	38.790321	51.138465	43.013019	32.643721	35.366811	41.652396	30.709689	33.08836	27.33267	33.632302	153.653413	0	0	0	0	0	0	0	0	0	0	0	0	0	0	0	0	0	0	0	0	23.382121	17.469121	24.407383	33.227601	24.581364	23.790862	15.183204	28.48748	34.74418	36.551668	69.744342	41.060459	34.06505	34.611852	32.821476	31.211109	31.411516	32.773733	29.633399	23.989565	37.752948	31.265467	30.036465	31.272074	27.024818	34.210176	26.094771	25.438687	18.914168	26.355253	24.219976	28.220466	26.280586	35.260336	31.912809	33.030927	29.997725	33.047001	34.137758	48.942128	30.101782	40.194764	32.011837	20.305839	17.387227	10.371465	11.252003	4.561284	7.386331	11.869652	12.922479	18.586821	9.661143	9.148235	10.903026	13.357313	13.227348	15.797852	33.67284	49.436204	40.972296	56.708953	44.81012	30.98583	26.237838	32.806008	37.281144	27.025673	22.775102	41.806195	30.873646	30.296898	35.163971	15.137949	14.005059	16.931182	12.852797	19.345029	27.009752	30.465174	30.745337	35.678157	42.575805	55.130331	57.707545	44.199718	61.395572	77.432289	64.946835	58.648923	56.625137	55.57256	43.343753	41.268133	49.480204	31.493266	28.636632	24.968565	35.341947	36.661277	28.601178	34.81223	64.693519	93.337363	84.454322	38.159431	24.613916	23.125782
230.558951	1143.563726	1617.806689	2994.214797	2461.075719	7699.820978	59940.789207	14118.262987	2888.065224	1479.407108	1008.788234	861.85729	841.355018	145.059694	537.506251	643.26997	790.208418	654.218397	387.212634	432.439135	360.147952	288.10676	303.895574	288.420752	286.521246	270.083765	283.937747	274.41806	266.824686	282.913358	255.254771	313.577493	337.705648	388.518726	198.047533	268.938844	344.255867	275.668883	269.558451	225.009692	228.321238	263.036235	189.002576	226.646453	243.436143	228.354503	273.91892	253.784859	133.200113	51.578791	82.892871	240.988798	256.519774	273.871146	271.8225	143.920341	36.841451	64.88551	63.754891	134.215607	37.560367	105.275767	92.386115	98.751544	62.891269	129.778263	55.994811	86.719957	63.194511	17.265214	60.655324	48.82133	11.881261	10.588717	18.430716	33.185272	31.98942	30.641162	51.564131	12.734995	6.534014	15.800141	19.744442	12.364235	26.130604	34.557413	20.146368	44.265061	16.416322	30.124454	48.881365	45.040862	70.489237	66.808767	41.691854	44.076917	15.179641	11.337387	13.283622	19.309655	41.652541	28.921265	15.617021	5.231216	8.766416	14.563299	4.150208	18.54337	21.367418	84.888557	93.452415	52.056153	58.509144	81.729003	49.961385	43.405444	41.469654	69.398677	38.069536	21.087282	41.783002	81.935307	0	0	0	0	0	0	0	0	0	0	0	0	0	0	0	0	0	0	0	0	9.591769	21.466096	40.081044	84.575154	34.972651	28.848042	23.570782	49.228258	84.399664	83.05011	44.448013	86.062674	71.522684	86.548867	93.635364	48.842197	24.080664	34.304604	56.477252	66.086715	41.885796	10.691972	25.366062	51.086495	39.769112	63.066816	44.798822	29.573859	14.943456	23.784826	32.562785	41.118615	50.453702	41.002231	25.782204	11.747336	27.046489	48.173918	58.894777	54.112411	54.559187	50.296667	37.998331	26.652462	14.034792	10.309383	6.28912	6.79511	12.523626	16.160474	14.06547	13.483056	11.872129	13.472583	18.488734	23.265018	23.771199	14.055932	45.379136	103.533613	105.287344	97.044579	107.254155	106.851149	64.481216	75.688252	40.1817	22.070097	19.877709	45.342478	82.377823	50.965545	29.389939	12.890148	8.135	8.832192	12.817123	18.184698	36.937148	23.159625	24.319479	48.97162	74.83102	52.633762	123.49954	95.229816	139.474802	113.687062	101.141264	94.178653	30.172285	35.178921	76.91351	96.270271	66.158415	24.73215	13.484583	17.284675	19.631002	44.392175	27.915646	30.232328	68.1645	115.210421	127.639942	61.411674	18.119204	27.736268
99.356078	535.742337	1131.676353	1364.735489	1699.402613	2363.808636	14118.262987	46042.672416	8557.298158	2034.888964	912.217097	786.732503	684.191066	276.837223	690.298935	552.996187	378.159074	470.54541	587.406034	355.77178	390.418161	268.141033	259.083206	256.201144	229.57576	232.319926	173.894801	195.47016	200.181456	229.777718	335.788525	246.770716	207.050543	263.877213	315.596868	239.405451	231.386353	333.428523	246.783049	192.718826	197.603232	246.405981	316.081829	175.514753	227.569241	176.670619	179.556024	209.374093	145.898186	71.10435	86.41625	193.804649	165.816372	193.822776	209.742186	112.65608	40.613066	70.40236	59.308016	94.747884	53.410097	78.476166	81.151737	97.180703	87.088618	100.766764	39.346586	52.186594	45.804549	16.526512	44.85491	25.757372	12.598182	10.719769	20.338523	25.808177	31.993779	32.300025	34.920268	14.040623	14.871415	15.686066	15.328671	8.214891	25.95757	29.990789	22.970045	28.019794	14.940377	26.222475	41.082257	46.85703	60.709794	50.311118	33.990884	39.85162	7.08668	9.076654	8.013169	11.009766	36.618132	22.621299	8.061073	5.358861	9.414378	8.291274	9.428983	11.843703	26.951429	45.490959	64.961507	69.527834	65.341666	49.11833	47.185136	43.331199	53.410281	47.137434	30.382426	28.648428	37.303087	85.953725	0	0	0	0	0	0	0	0	0	0	0	0	0	0	0	0	0	0	0	0	12.231232	18.874844	29.380714	46.328943	33.362102	35.833474	17.228338	35.196786	44.637592	48.33679	60.34314	48.434162	45.685655	55.815951	48.521055	33.772812	32.578459	29.299609	40.604109	40.294825	35.041739	18.483144	18.609106	32.488419	48.302506	52.274199	43.608607	23.842171	16.810757	20.032013	24.000185	31.352111	39.523221	36.377384	24.531369	10.969454	24.208646	44.138742	40.049237	59.23782	46.458752	51.905769	33.499982	25.928267	15.226426	5.672753	4.564308	7.349902	7.925283	12.406312	12.122105	6.245699	6.231134	14.01205	15.083796	13.952137	13.955625	8.851236	27.981048	76.486724	67.198691	85.737789	98.019023	90.267725	54.304359	43.414719	34.034587	21.053393	19.578057	30.367516	52.086217	44.003645	20.22517	8.260963	6.972745	10.493805	10.590554	13.39287	26.552516	9.847672	16.089369	29.392843	51.887045	45.340451	91.125395	85.389127	88.115446	127.27102	102.072279	53.312006	29.186299	29.56247	48.720817	53.225693	31.094871	15.045527	8.166098	13.219881	18.37263	16.426504	19.819258	21.475989	38.919966	128.431082	110.149734	37.403838	14.51178	10.147568
157.090798	578.757523	725.575803	588.916865	428.796569	554.521677	2888.065224	8557.298158	48775.429742	10922.134883	1974.731719	1139.246085	978.037173	119.832618	649.995974	746.373516	669.717595	593.66013	504.15293	421.270451	432.332833	348.992975	373.542521	343.83728	339.945276	321.187469	310.123529	322.431087	273.733982	316.809498	297.627551	318.927847	302.533931	323.839036	189.465639	267.087694	318.522232	333.659789	333.487512	290.392049	269.91055	331.638116	265.754211	276.951513	310.578549	246.897345	255.236074	248.502667	102.081476	43.022625	52.314424	172.359147	215.116646	246.223455	219.498355	128.676514	36.351242	49.034577	48.724476	108.830476	40.814928	98.475121	97.293	81.562193	59.820122	127.748078	33.649959	86.355896	56.044031	14.4517	43.032343	27.333738	11.025667	12.976898	18.235924	30.069063	29.406704	30.719178	44.093211	18.243381	7.393635	19.103311	14.857027	10.208554	24.691124	39.487184	23.784351	38.658333	21.175723	40.291533	56.740558	56.53825	87.646731	69.842156	51.538301	36.305328	7.717683	13.584178	5.200151	13.214164	43.428781	19.961392	12.353127	7.151364	9.584812	8.520983	2.656445	10.164804	30.739403	74.329867	106.919203	80.181879	74.868375	75.362667	59.331887	46.441847	46.653437	70.907391	30.429728	30.219249	35.002861	67.284221	0	0	0	0	0	0	0	0	0	0	0	0	0	0	0	0	0	0	0	0	3.639718	28.780888	38.269927	78.87717	41.533249	40.405521	31.614796	55.711315	81.091609	75.861344	47.039971	70.170645	88.330659	87.924897	88.324345	41.486731	26.537772	21.365513	57.825932	52.918567	42.36084	16.602563	20.7279	41.403077	44.569726	69.377855	35.926683	27.707884	21.078425	25.231643	26.398636	39.866005	34.476994	49.328142	29.02163	8.394004	20.924026	41.994393	60.101397	42.763448	62.935655	35.478484	31.157449	26.094383	15.77982	6.334671	2.89934	7.905993	3.449186	10.695983	12.811474	17.436188	12.506735	5.707465	10.976525	22.685749	17.462395	13.478156	28.956974	84.628092	116.055371	126.255517	135.517673	138.547387	83.269607	72.683778	44.252598	21.039702	18.47884	36.699866	74.468443	51.210974	27.358136	11.66029	5.865858	11.504147	14.533744	11.696954	31.612716	12.887216	20.750603	41.710278	66.472784	52.274722	119.550424	104.046431	105.13739	111.721795	110.427654	73.55374	27.079413	36.210044	49.75744	63.852724	48.489883	10.380346	5.125377	10.257081	18.568059	23.13108	28.553265	27.287049	41.603179	84.299495	83.925791	39.739532	6.813161	9.03979
156.034483	606.082686	646.94658	590.817177	325.578803	429.409757	1479.407108	2034.888964	10922.134883	58240.799168	13686.391512	2644.598297	1265.945715	143.509066	584.867966	836.420658	839.483238	670.790377	418.298849	481.053221	468.473712	424.675672	454.955311	418.814561	380.254671	361.055195	405.369091	388.415044	361.991084	370.132456	342.45767	351.581214	380.0793	314.944013	187.640678	270.836541	322.661265	339.834313	339.561419	293.013203	323.844341	341.418067	240.505447	302.877697	361.240822	266.803442	255.680716	236.998343	93.733172	50.174803	60.540438	181.668802	221.858759	216.297566	230.449023	125.882505	38.075085	47.974146	37.362171	83.600672	35.853455	88.258657	69.288611	88.79896	55.671416	111.259954	42.636233	73.062213	65.543423	16.039743	42.815602	21.96499	11.232086	8.287208	13.06177	29.092044	34.054687	32.334245	37.985855	12.383371	8.204797	12.057672	18.275065	12.784437	17.584576	42.385441	24.720956	40.268389	19.928104	37.813796	53.922036	49.468195	83.54208	84.646624	50.852508	34.01559	8.248981	16.73415	8.58277	8.082667	50.028265	19.783687	8.179243	6.102361	9.727141	8.049505	7.622587	10.187961	20.895759	81.960075	101.616395	94.171123	68.610116	96.517041	58.484763	64.522696	52.864764	66.723788	34.842383	34.133656	37.81537	71.926269	0	0	0	0	0	0	0	0	0	0	0	0	0	0	0	0	0	0	0	0	6.960677	12.649309	50.330528	83.40732	44.458366	54.168497	18.254221	36.780613	91.264576	90.220923	50.24895	73.765724	104.967242	111.829824	105.020542	39.51802	23.317982	31.554532	63.425529	61.533812	40.128645	15.726904	11.209085	41.78376	38.836491	79.037663	44.517546	20.242401	13.721969	27.556445	22.920896	44.736041	48.175509	44.22414	26.399069	12.414804	29.436599	43.306647	50.820802	47.32986	68.859043	39.233513	33.025275	29.707739	13.868405	6.227517	5.124795	2.335907	1.860097	7.469137	17.983472	18.450767	10.679586	10.680785	13.017539	15.479081	20.780821	16.384558	38.043966	91.728611	124.007419	129.480942	140.656645	131.867042	78.307924	72.424943	34.978836	26.567717	13.985003	43.693783	67.084957	45.118442	21.25924	7.524677	7.421089	7.900638	13.297837	15.805773	32.459248	20.431981	18.295527	28.572962	57.958067	50.835699	125.180631	110.656199	115.36386	101.093878	87.776398	63.928789	25.032502	32.159851	63.061572	62.821806	50.173299	13.583305	9.662844	13.528264	16.830588	21.431757	27.551621	23.306919	35.545097	66.175812	72.240306	35.119422	10.153726	7.901303
147.964425	509.170842	461.723971	446.321566	319.812471	327.656121	1008.788234	912.217097	1974.731719	13686.391512	53719.166852	11708.093908	1727.176308	193.85148	776.875044	1032.38176	954.086041	603.062683	498.928336	539.704422	469.515687	438.908317	459.60956	433.587608	424.556323	365.297586	393.298489	399.562965	368.304127	321.132896	318.419556	347.187623	360.727494	283.690773	187.677881	256.998123	339.283563	286.796673	319.937894	301.597981	301.273161	314.326523	249.564051	276.052111	341.093196	290.852119	239.625533	166.871691	81.211008	35.285976	49.272865	140.487424	193.886628	228.899014	185.291621	104.769379	33.88981	39.356392	47.185317	83.505298	29.557026	72.210371	65.163205	91.626321	56.182186	84.492503	38.368861	68.913977	54.838701	12.985223	38.685384	25.768391	15.192333	3.474871	16.997424	20.534439	25.999272	26.505172	36.953937	10.704027	11.603292	11.79705	16.555183	8.619406	30.792828	33.952353	20.394906	41.91972	14.25009	30.776621	43.650372	37.252949	82.382944	83.833397	37.331877	38.539316	8.827353	12.845125	5.606048	10.532416	42.441863	22.425716	8.497447	4.81448	5.797415	9.609663	8.493766	12.111388	20.801985	65.982372	100.671342	68.725028	68.430293	92.634115	64.999708	46.859574	43.400488	65.872845	38.991774	24.18662	33.149217	67.127304	0	0	0	0	0	0	0	0	0	0	0	0	0	0	0	0	0	0	0	0	5.214689	14.213226	47.069687	85.679939	34.855337	44.903846	24.299292	40.355101	97.78848	96.695325	49.738101	84.426806	93.571809	123.393888	94.762559	31.766792	23.481034	25.937929	64.723632	70.975433	35.036765	11.791801	21.805073	32.061401	43.028624	56.248983	44.280533	27.691047	16.62015	28.761642	17.877777	38.569951	44.526386	29.711263	25.374649	10.800067	25.647716	38.224265	58.620826	43.470348	54.442422	34.531832	28.318344	27.334981	12.900851	9.578415	5.170678	5.678889	6.795302	7.437926	12.182452	15.785517	10.120524	4.561824	11.907428	18.701672	13.459697	12.81818	32.287972	76.188846	117.326879	118.610201	127.969988	129.150891	74.113366	66.708783	33.658118	17.977616	12.826638	35.094869	65.755491	43.75962	20.359068	10.227077	6.78584	8.013226	13.921234	10.495476	31.704331	17.748726	15.803966	28.547702	53.695849	46.665638	105.231903	103.361841	104.418304	89.652313	71.902575	48.160307	18.935216	26.063978	60.613248	58.445014	44.018291	19.073469	9.033797	8.493955	10.961054	21.26471	22.077008	18.052155	30.431276	63.862047	76.674592	42.093357	8.547559	9.01118
179.523911	568.332842	459.145776	436.466457	342.523759	369.515358	861.85729	786.732503	1139.246085	2644.598297	11708.093908	64773.81552	9883.903526	393.324806	1054.140159	1297.726113	1308.177545	749.890321	480.52776	585.890435	494.443445	448.866459	475.832717	461.48035	432.684648	419.225645	452.861768	452.85833	361.762263	306.731938	259.712951	360.736784	387.612865	294.353594	146.402342	211.808287	319.829782	232.94678	287.948808	255.704024	306.914613	291.212582	219.718381	304.605188	320.616562	296.703333	281.09267	126.548098	74.218898	35.742986	38.528525	129.718541	193.755469	206.781455	190.442464	94.484454	23.654989	33.215162	36.978242	77.71593	31.224066	55.276709	56.715617	77.442423	44.11473	88.419275	39.382031	62.106725	51.745245	13.606263	40.253902	22.020105	10.147299	10.565791	12.763315	25.663598	33.167046	22.763616	37.358099	12.364603	12.469165	10.751034	13.157614	14.620879	19.501153	33.336957	18.313383	37.320692	14.50071	32.239022	39.904815	43.223235	58.455706	69.837204	41.194029	27.515908	7.821832	13.715417	7.497058	6.9358	41.256072	29.915211	5.653065	7.741841	10.166061	5.993084	10.648015	12.57312	19.463341	71.087523	108.454663	76.834102	68.575869	77.991154	53.556591	35.267234	46.988639	47.546328	30.178791	20.774667	33.636195	59.122718	0	0	0	0	0	0	0	0	0	0	0	0	0	0	0	0	0	0	0	0	5.214689	14.431718	38.019592	88.114545	47.399183	38.288934	16.323858	45.661627	108.408388	104.594544	38.357843	82.49097	116.371183	134.753789	115.172939	33.509056	21.113274	25.524267	55.739334	62.210105	34.781032	11.105034	21.778048	28.774092	35.424628	52.907384	37.134639	20.693646	10.697504	19.052934	18.153351	40.928291	39.445453	27.67845	17.998888	11.306436	29.297067	33.103317	43.863594	43.090381	47.331911	36.600148	32.1229	25.867269	13.968616	9.00692	5.115877	6.26015	10.161935	7.91753	13.634618	13.25693	10.744555	9.563948	6.834881	14.529565	19.216473	16.835913	32.035989	73.538724	102.607376	100.146813	111.383731	103.32834	56.663774	49.259658	27.862786	14.130784	17.061654	39.667299	47.479185	32.379019	13.455746	10.460581	4.078962	15.680343	9.928307	11.659823	25.399293	18.15679	15.203426	29.296656	43.507734	45.030613	100.076034	87.597377	101.369993	72.993228	64.099369	42.938901	16.367939	21.604225	59.197743	53.712406	35.609528	13.396489	9.165887	9.130845	11.649325	15.170651	20.314749	16.348705	32.888698	54.590847	57.706035	34.883249	8.241773	10.898136
131.234504	460.483565	443.317047	447.73799	373.743585	419.504833	841.355018	684.191066	978.037173	1265.945715	1727.176308	9883.903526	59864.159909	2324.382198	3356.451185	2590.482691	1652.764738	855.452273	640.842996	706.91333	545.107276	512.341833	495.180417	441.92183	424.301207	432.281738	511.24454	413.992075	350.278247	313.116847	309.005384	374.553782	376.785273	352.843698	229.404032	264.69884	314.700554	280.365032	304.159154	286.538347	291.936535	287.937494	255.344617	289.461392	273.425889	259.513178	241.211412	188.923201	75.695756	54.319156	55.649975	134.621077	187.336489	224.603982	179.293741	114.548671	39.465118	35.44953	36.325312	80.061876	33.138192	66.362586	70.437423	73.921075	55.797271	105.187757	50.155423	57.576404	49.573746	22.227229	36.627051	23.124202	15.998183	15.65539	7.888065	24.483496	29.347463	19.615411	38.596389	11.955254	10.264472	11.752808	10.308646	17.847393	40.286819	35.82732	21.429795	33.302842	14.152425	37.507108	39.824288	41.769698	75.612143	66.700054	46.785486	28.024611	6.720653	17.44276	12.793421	9.534311	46.950742	24.686246	8.23119	8.023925	8.823702	7.982606	8.063727	19.262298	19.985344	81.288904	99.097945	74.352412	78.148652	85.648608	75.858931	47.870363	46.348752	56.110556	25.454681	20.099215	36.264603	72.563175	0	0	0	0	0	0	0	0	0	0	0	0	0	0	0	0	0	0	0	0	7.190439	21.637794	40.385157	94.340039	50.647947	46.591062	25.912753	59.23592	110.25413	114.172626	74.385898	113.390241	102.144548	106.965673	92.176447	45.106358	27.18214	28.658216	63.723642	66.154858	41.07579	18.369301	21.303046	42.61716	41.553895	52.586953	44.067386	23.987217	15.530375	25.040738	19.762996	36.081443	41.250994	28.55808	17.975068	17.049785	21.304195	39.456946	45.57151	49.184698	61.375401	43.12655	29.004651	29.846827	16.96372	5.201989	5.116555	5.115647	6.236938	12.209363	14.640924	17.347841	7.462295	6.786339	10.426552	18.00946	12.328656	13.437023	29.5973	70.718084	82.304633	115.933893	93.585394	93.548375	60.359198	59.799718	26.326092	21.223513	15.968532	37.443048	52.082227	26.840893	23.985944	10.006147	9.905498	8.246682	10.002314	14.955037	25.733636	13.813563	17.201689	27.334668	46.126353	49.040035	78.205602	64.189821	94.105116	63.748686	63.810202	46.613574	23.880312	25.771425	71.957544	51.534698	35.299853	10.882369	9.367458	8.268532	11.635584	16.215031	23.080684	15.76266	30.148702	50.248856	57.353475	27.033256	11.944101	13.375035
11.292463	46.51529	147.186947	170.730371	245.580011	244.594318	145.059694	276.837223	119.832618	143.509066	193.85148	393.324806	2324.382198	6793.524934	4528.227845	1555.981705	223.528025	219.80114	410.401582	186.365828	167.6366	62.812599	72.956089	84.445889	66.727946	52.305024	44.558709	33.425192	41.19273	99.686689	194.654043	101.118392	50.761657	100.822279	178.84732	106.838296	60.126093	167.276858	85.405512	49.1566	34.118493	96.765273	173.491261	69.552407	88.495484	50.478314	46.385748	79.460622	65.313127	35.263238	34.505722	55.784963	41.397544	53.876904	83.91942	38.397799	21.687362	19.353274	25.145831	38.332628	15.06135	26.376188	33.672179	37.54073	41.420309	40.770605	19.467938	13.396614	14.367916	6.60394	14.45	12.6993	4.642078	3.052799	6.504871	11.108266	12.838239	6.654832	13.601432	5.062072	4.420962	2.176351	9.039079	5.30512	9.820408	12.449781	10.32029	12.468075	9.902332	8.197661	20.733114	16.586132	17.423932	16.739989	21.320324	14.348288	2.405402	5.951905	0	5.776575	8.513438	4.413265	1.575074	0.537243	3.117481	4.423815	4.720081	5.383545	10.398897	13.147342	20.018331	29.220285	44.131679	28.447996	30.636173	22.441741	33.692492	29.17527	12.156841	15.203132	25.04353	30.491941	0	0	0	0	0	0	0	0	0	0	0	0	0	0	0	0	0	0	0	0	0.420318	0.535175	18.025799	27.297927	20.019913	17.262273	5.720644	18.184501	17.405356	25.968038	52.976078	32.767002	17.024491	16.422802	18.218703	15.053886	16.304634	15.308058	9.230184	15.595824	19.715219	5.663497	8.577453	15.674759	15.123119	14.732251	12.32493	7.587707	5.249314	6.443143	3.564901	6.404223	9.845638	17.388941	7.13042	6.516478	8.094038	11.552637	12.074471	24.919183	25.069259	25.621098	15.138559	4.079714	5.161038	1.329731	0.194015	0	1.339436	1.842621	4.700723	2.931327	2.483225	1.922583	2.473931	2.968204	3.067868	2.403867	8.458762	21.43426	24.885578	33.761268	42.455674	22.905391	14.621856	13.020698	14.00088	6.242534	8.715162	7.360481	11.789483	10.134865	6.790471	1.807023	2.456104	1.326154	4.585546	1.848377	6.786124	2.900508	6.279088	8.498635	14.822776	16.15237	29.110184	26.500753	28.916437	34.565444	37.14275	16.3846	18.558035	11.573692	13.357458	13.457758	11.462056	4.05318	1.806332	2.899853	4.568416	4.009218	5.853115	9.656402	12.808608	36.613788	27.225236	4.020463	4.014339	0.798102
46.529911	228.610071	319.725776	343.40222	638.5903	508.275376	537.506251	690.298935	649.995974	584.867966	776.875044	1054.140159	3356.451185	4528.227845	42468.583128	19184.407737	1600.371663	928.347104	1005.002953	664.702144	603.678135	345.429423	359.4568	325.499415	346.302328	290.171899	249.448127	212.432694	210.18344	308.412591	464.072758	301.200271	268.029018	328.755873	455.822031	275.666966	235.559259	348.137449	247.019015	204.395928	212.09394	250.834794	307.545712	189.68587	197.38927	148.109936	174.632506	155.679985	118.682648	61.270676	76.383732	133.649468	156.00884	213.296532	217.256091	124.610393	45.778496	57.21271	53.669514	82.015993	39.775979	70.06501	71.590819	91.432384	86.131832	96.017066	53.027826	62.787212	59.692631	18.133782	27.894087	19.46099	12.305032	9.232295	14.737716	21.689281	29.355124	29.275969	35.270319	17.251228	17.022679	20.32912	15.111147	14.153	20.863238	35.796825	24.659563	44.410236	12.334962	34.955953	36.371807	50.030058	49.279665	47.959477	51.770285	29.6159	12.17984	11.969574	19.817991	14.41143	28.93198	28.979611	10.388044	7.1746	8.234095	11.772878	8.631139	16.681704	16.403489	43.666328	65.035439	81.158194	94.53662	75.980774	52.463633	50.747182	57.394459	54.889127	29.877647	20.376032	48.037975	89.775109	0	0	0	0	0	0	0	0	0	0	0	0	0	0	0	0	0	0	0	0	9.547062	23.047641	41.485803	54.589894	39.077784	59.783246	20.487316	50.314672	52.07755	61.787271	89.680525	62.950348	48.556597	53.862969	40.948444	36.924084	26.117515	32.458505	34.922383	37.263772	34.711379	12.971955	10.977025	37.230916	40.698384	43.075944	33.334662	22.863315	10.576947	26.075179	22.152151	33.288961	39.543994	38.302537	29.482968	9.615392	22.603517	32.780146	45.119079	45.578854	42.915513	57.028213	33.747116	19.103353	10.394882	8.755895	4.012365	6.281617	6.859408	5.706989	12.720864	9.930085	4.703438	8.548529	9.930059	16.383239	12.235895	10.590495	31.882844	56.16916	69.098642	86.736235	70.228502	54.452814	47.803255	41.489338	23.900441	15.388812	18.247851	24.723258	43.635296	27.162997	20.523471	8.795801	6.513211	8.846883	8.847313	10.9175	21.205093	13.573232	20.878331	27.239096	37.665716	34.192653	65.875809	66.441344	56.916518	76.177856	65.630096	43.337124	27.028062	28.583045	56.365292	44.993803	30.597778	12.507619	11.995792	12.578052	14.799188	14.342201	17.469118	13.227406	28.781278	71.630477	65.040918	18.902119	9.305495	6.857068
113.519756	369.102873	390.280918	402.363529	359.517546	388.591833	643.26997	552.996187	746.373516	836.420658	1032.38176	1297.726113	2590.482691	1555.981705	19184.407737	61779.741251	11282.744234	1620.518116	968.945	882.402002	732.449453	582.01013	575.809536	574.668373	471.802943	477.008506	467.004583	489.348905	427.717296	412.483643	401.60725	433.331956	371.117546	426.310526	275.704472	318.77001	366.170591	320.729936	289.995035	286.140285	294.635212	325.413312	282.55715	248.512397	283.090431	236.536243	236.803951	183.909674	86.830742	50.533576	64.355895	153.877823	193.236259	215.798575	207.063552	110.118217	36.90078	39.970097	55.513736	81.299906	33.311318	83.062465	74.694925	79.608262	79.755104	111.058532	54.220496	77.175803	54.651219	23.056039	41.437772	25.956753	11.690506	14.735655	20.617624	27.273354	29.511974	22.355033	38.294879	13.78666	13.392263	7.863278	11.193877	11.488892	22.383822	38.190852	30.642537	31.676931	9.75059	31.434104	46.780556	42.27891	71.374817	63.643346	47.516189	31.564311	8.21958	13.91789	9.490031	14.084547	47.253622	31.863993	8.485205	5.715335	5.938555	13.44807	6.48371	12.141551	17.059594	64.174555	100.521529	92.671951	83.708853	94.126414	65.635105	56.689469	55.52048	73.645274	34.462412	18.092712	37.694083	70.961018	0	0	0	0	0	0	0	0	0	0	0	0	0	0	0	0	0	0	0	0	5.396852	26.57681	48.089627	84.66586	46.941884	45.532018	31.252714	51.83678	81.670674	96.379523	69.769618	94.528181	85.046005	88.380807	76.329049	40.114106	29.467758	25.688733	55.561999	53.151728	40.975711	18.957086	19.1263	44.473784	37.634282	57.95511	38.134942	34.066038	9.322556	25.052529	20.197242	38.072878	39.861749	36.641391	21.646069	8.863747	27.942625	37.412201	60.567127	44.966335	55.221579	46.887503	30.579191	23.352928	14.627571	11.386256	4.01753	4.037659	4.559387	8.56832	12.806395	10.511349	6.870104	6.822764	11.08216	17.364394	14.060809	15.798894	31.803868	68.525394	86.627526	94.889546	102.567535	95.311233	54.147211	48.471322	28.598055	17.080005	13.297486	32.19717	49.109877	31.090596	15.275742	9.280572	8.202808	8.81806	10.586623	9.916412	27.644385	14.790753	18.519794	32.057296	49.045875	39.663291	80.861248	73.47711	85.61884	75.647147	69.979816	59.683085	21.427854	25.228443	90.029457	55.152746	32.924888	17.905072	11.728817	8.646207	12.485052	19.552165	20.017948	21.744607	34.735045	63.803772	64.519265	26.877239	11.079509	7.635434
195.125905	565.987765	341.534339	337.490938	230.812195	283.330361	790.208418	378.159074	669.717595	839.483238	954.086041	1308.177545	1652.764738	223.528025	1600.371663	11282.744234	67894.472171	12764.99134	1048.425023	1377.453228	903.72993	1238.678322	818.194032	789.115534	598.944095	622.38359	854.337557	826.663191	815.954725	484.288177	331.551646	603.109433	708.055581	463.42247	193.16786	322.429528	552.09478	236.778632	375.507311	372.445569	434.221954	388.772268	220.500186	353.757395	366.245808	363.315071	378.787471	224.518941	78.921819	48.945604	41.268421	170.848388	232.646887	220.963507	175.580342	94.358037	36.649849	43.352733	41.890125	98.053857	30.818063	85.919637	64.244347	84.395441	49.126225	148.946967	50.188214	92.684049	66.927482	16.598116	57.976217	38.939067	14.325355	18.023295	16.12704	36.735362	36.98363	18.987103	56.002815	12.521494	12.676697	11.826141	19.835899	17.390126	35.882351	50.665879	18.527442	49.515616	19.488951	45.449927	56.449272	57.822831	103.824097	103.689428	51.301634	40.412668	17.759043	14.428033	12.063979	21.256855	63.713273	29.840183	12.524102	5.074857	12.569327	5.62902	8.210948	22.423146	23.015659	106.014596	141.100995	85.512988	78.460899	120.710889	89.593849	49.960221	47.550865	90.99546	44.029573	28.033363	49.875002	86.004148	0	0	0	0	0	0	0	0	0	0	0	0	0	0	0	0	0	0	0	0	7.213089	24.210829	132.736551	352.589	140.41547	75.501751	135.100696	163.737237	168.468708	151.93131	53.07046	123.905263	141.872716	174.445008	147.977545	37.02664	23.17017	22.528605	76.021125	96.801186	39.335732	23.996565	25.673953	37.011943	48.002884	73.584852	50.479917	31.659579	15.614836	29.817048	26.887714	53.677959	49.201951	36.255725	26.289574	14.28078	22.404225	41.800718	63.657043	42.254937	61.60608	37.038289	24.401011	32.69818	17.69006	9.588653	9.030354	7.364331	10.682673	11.850394	18.10174	15.178451	11.231936	7.895306	12.624741	27.396868	18.52436	15.157725	37.586756	81.135928	125.024116	131.153505	130.919173	127.020093	76.026301	74.02691	28.412575	24.273579	21.805554	41.469577	56.344506	48.947546	29.522221	13.44441	9.905484	12.146321	14.036953	14.544121	40.208545	17.52962	21.74521	31.583461	65.854495	47.608278	107.21	98.063805	115.353848	76.41065	65.806201	69.02122	17.866648	20.552717	780.840876	60.909487	44.074159	18.091323	10.915561	10.674718	24.444265	25.650269	21.595389	23.045549	42.740401	55.070435	64.231316	26.395498	8.763279	6.787103
