10926.407675	5626.338894	488.268975	198.214199	80.693754	67.140684	263.860699	87.806154	151.849576	165.609751	172.234812	206.104025	141.992508	9.439693	56.600489	116.241852	231.940031	123.668526	48.606241	97.896922	70.169534	130.937284	131.550785	113.463101	90.437308	89.309551	152.345183	137.285007	150.700016	71.242391	33.636586	102.533795	181.354394	104.647266	26.776983	61.066673	117.569947	46.119553	84.039257	110.431253	136.901209	88.772232	51.520575	125.265738	145.971863	149.393038	139.379738	61.293328	27.436673	11.794471	12.963623	49.506132	81.357377	102.166892	69.009629	32.014345	7.111575	11.819836	2.519471	20.599978	10.263472	12.137571	18.938901	20.339883	16.027157	37.795375	7.240056	19.522225	20.435541	3.698714	19.703061	7.966463	2.117844	4.560066	3.474115	4.92018	4.673553	8.500739	13.06236	4.083455	2.644437	1.757198	2.317057	2.749553	9.470565	8.482898	6.900072	15.916566	3.597952	13.512625	17.669069	13.317135	25.47523	26.740295	17.17996	11.217218	2.729547	6.175823	2.553447	5.172471	16.47806	12.646506	1.856205	0.365216	0.677272	0.704862	0.604992	3.228746	1.062018	34.486973	30.19724	18.613449	23.561783	39.017329	23.920908	20.28556	15.550694	31.248837	14.856849	14.323632	15.266795	29.827652	0	0	0	0	0	0	0	0	0	0	0	0	0	0	0	0	0	0	0	0	11.010659	8.590994	12.908214	39.758449	13.315564	13.199011	8.563392	22.406746	70.22125	40.464733	11.716384	47.148418	57.267379	64.666727	53.678291	16.032967	5.471821	10.217844	34.689704	37.819263	15.42863	4.692136	5.147917	5.44925	4.73014	22.359243	9.55664	4.863984	5.960747	6.574413	9.172139	18.957349	5.920286	5.722202	4.455468	0.589862	8.840339	9.357706	20.22792	9.670727	17.774054	11.687776	6.878285	11.719559	11.163069	4.962443	1.62743	3.181661	1.666796	2.672357	2.837568	2.942876	2.637435	5.503163	5.90013	3.6896	4.058978	7.236428	9.809565	31.783682	54.849942	43.971057	41.74603	49.732589	28.411292	33.317235	11.585616	5.484132	5.983396	12.462014	27.865131	17.367776	7.926478	1.790246	2.293402	4.503075	2.885513	5.941781	10.739176	5.993108	13.350767	28.134109	82.533346	18.349138	48.79238	46.791565	64.099587	34.100253	28.781113	14.527737	7.370706	9.773408	21.518986	27.380718	9.497846	4.166115	2.743838	4.596962	11.983261	11.747886	10.842215	39.825872	19.603994	25.20768	22.383153	11.914194	13.473148	12.737718
5626.338894	48195.02797	6274.833736	1498.113221	458.457461	394.076543	1191.04126	518.904826	675.536671	634.028777	534.854212	618.100159	482.639932	44.001063	231.096193	385.773397	677.415664	329.813193	194.513863	324.401478	230.562242	300.149471	316.175304	295.671203	271.773049	255.642961	359.169611	345.347403	357.634913	219.149553	146.856359	241.184525	348.825988	262.449992	86.932751	213.974563	303.26519	151.487645	208.523195	222.843061	239.079919	205.250236	135.855425	251.977337	259.597722	291.74887	277.427326	193.062063	60.94627	29.316047	45.584105	135.345436	226.637124	207.333137	168.542708	74.767769	21.832391	30.725787	26.77494	59.879379	25.888547	62.178558	51.655024	53.721813	34.281035	82.006801	24.798438	42.859466	45.513244	9.636121	32.309181	19.372415	8.471686	7.320094	9.522858	14.823156	26.321695	20.489175	33.876029	5.876964	7.368549	4.219626	5.008943	7.524532	19.5153	25.208345	15.679809	30.218559	9.22581	32.237037	31.26137	30.594198	52.814964	51.555613	29.47727	20.095143	5.108472	12.687522	5.712918	10.275821	30.115926	15.63057	4.457951	5.937878	2.449745	3.804438	3.702095	9.036918	11.685515	60.559182	77.485802	50.551834	44.05613	70.495909	43.989922	32.094673	30.989932	56.279333	21.495695	22.36148	26.60153	48.031226	0	0	0	0	0	0	0	0	0	0	0	0	0	0	0	0	0	0	0	0	6.959887	19.379695	52.247445	94.238429	40.584014	34.598303	18.408666	55.351577	152.941673	110.697213	30.150554	105.917131	120.26793	151.31109	114.770616	40.460062	25.858356	30.240584	81.130252	73.129559	27.747178	12.675257	7.877175	30.967472	28.471495	65.904273	33.401948	17.479153	6.967449	20.120531	19.594708	41.315879	37.127694	13.392718	12.100873	9.126644	18.355755	34.460077	38.502411	42.248341	56.448061	26.135019	27.553146	25.942054	13.832291	3.039506	3.522762	9.475094	4.018708	7.230628	8.63046	14.135882	7.239137	7.101803	4.633297	14.315494	10.269796	5.595297	39.886293	72.153382	98.658436	84.280387	88.063732	103.960961	62.753776	61.982933	17.16202	13.349285	13.353222	37.761575	54.770474	35.451755	13.985798	3.197317	4.972852	8.559256	7.507352	6.894627	29.097435	12.783337	12.715436	25.375711	44.626471	42.996417	97.38462	106.150748	142.697778	93.186553	60.003186	62.158257	19.035193	22.314138	49.716172	60.686997	38.979193	7.234327	10.041243	6.110869	8.220958	15.816159	16.978168	23.470713	27.553955	43.698077	53.417483	39.457729	8.893906	15.196947
488.268975	6274.833736	36552.95766	8789.704556	1822.170635	1329.772381	1558.899924	897.375915	663.675055	574.503046	426.423205	425.256167	406.530146	110.534749	275.180095	341.43078	328.544433	299.985299	286.364404	257.336538	227.753259	205.936583	236.228889	214.298181	170.911634	169.833788	179.179484	199.940898	179.465974	178.016459	163.612252	202.378734	223.616873	234.566812	137.211983	183.616817	198.177021	160.05618	157.335599	146.697413	175.290018	176.050034	170.890632	175.51108	201.168681	187.257985	180.665434	160.530289	92.837739	50.138223	48.36133	133.323224	191.398409	198.336765	177.297539	97.457695	34.507513	30.26516	28.507537	58.229917	23.967822	51.143385	42.196559	42.281688	27.667735	70.074498	21.615859	45.001163	30.593329	11.41982	26.489819	28.035388	12.247343	11.960483	16.133015	17.592469	27.372589	16.389898	34.182412	8.931039	5.59609	7.68403	6.91925	3.732516	18.320014	22.665986	17.497332	31.251854	8.808634	26.33026	28.794235	22.328475	38.480146	40.405021	23.517152	14.197723	8.872829	4.310905	4.070635	8.902983	30.115371	21.564616	5.423413	3.703659	7.133226	5.613896	3.410643	8.508952	18.699772	39.214112	42.390426	41.854123	33.501428	53.55218	31.435216	27.864845	38.310837	36.781767	27.366808	20.090837	28.752214	80.103978	0	0	0	0	0	0	0	0	0	0	0	0	0	0	0	0	0	0	0	0	8.071983	24.802193	28.143485	60.980442	37.30182	32.415849	17.049539	40.217606	57.681497	65.044187	44.275492	61.123708	63.974083	76.181827	65.189501	24.996278	29.625733	29.314712	43.662938	45.731405	27.670522	11.843702	21.92762	25.995248	27.187782	43.504144	28.299124	23.71183	10.240434	18.147516	17.555536	28.859347	33.335461	22.19857	23.969463	15.858385	20.241825	25.269412	41.106848	30.697528	47.571033	28.649651	25.852614	16.470272	12.957028	3.567479	1.231907	6.795912	5.408981	3.686208	9.855471	12.256121	6.995058	3.546491	5.441647	12.605238	11.733077	7.384887	31.351902	62.378052	71.130156	65.391739	62.352114	62.772397	46.824951	57.496253	29.333114	15.930327	18.231434	31.485726	55.773244	34.026574	16.483797	7.337995	3.812512	3.180243	5.033565	5.770365	28.381867	12.723891	15.974145	27.771382	41.626626	46.022269	84.751492	88.573161	177.283789	107.255454	68.380936	52.822875	20.236061	26.405921	46.308755	64.877394	38.245877	16.476534	10.232748	11.82268	7.735158	16.532576	19.683953	15.474229	33.121046	59.633256	64.114677	33.005816	12.743319	11.829578
198.214199	1498.113221	8789.704556	36472.057637	6275.624245	2850.499137	2993.611133	1198.529789	598.979994	526.406249	434.070538	412.949684	411.186651	110.57273	304.411037	384.440953	324.701074	284.301065	294.786015	278.928956	227.060886	196.03035	230.91721	182.125815	175.583923	155.943592	177.415692	153.594138	164.672417	171.387075	175.977353	175.668821	231.173132	258.396431	145.101748	202.295898	210.0838	166.428412	160.62298	133.805458	154.704773	170.866777	150.064276	162.798783	186.906684	161.738933	190.057875	191.276003	94.04346	44.172846	62.901683	187.994308	204.054992	219.888248	231.557755	143.389863	28.759464	40.400609	31.578686	85.769511	21.03408	80.293006	46.167812	69.953329	44.036737	85.538957	36.537857	56.699925	43.56956	13.47371	34.223621	33.074689	5.625629	7.99284	8.909128	15.627082	30.018586	17.32032	35.310155	10.339099	7.922017	7.704287	6.439281	7.66621	25.310235	31.877627	13.654742	34.993072	9.377739	24.849412	32.072848	29.516852	51.93064	53.580391	26.877816	23.488433	5.835515	4.334781	5.082556	8.149782	32.449618	23.783543	2.731178	3.248015	4.86503	5.648999	5.739904	2.817963	11.668975	44.350689	49.101758	39.878833	42.1965	56.791687	40.820515	28.498546	31.286652	37.082951	25.494832	20.442119	35.21611	58.01405	0	0	0	0	0	0	0	0	0	0	0	0	0	0	0	0	0	0	0	0	12.046614	18.372154	31.179384	56.422578	21.352599	26.023126	21.421283	42.167854	47.777507	52.202051	49.57627	64.463333	46.355333	55.876775	69.409519	36.706288	21.695842	27.61845	36.950764	44.760214	29.785703	13.028825	18.756061	28.021772	23.766323	49.157503	25.441675	21.244122	10.48053	18.205118	18.852164	30.115507	30.865266	27.725826	19.517858	8.162421	20.147269	40.888321	49.804881	41.559783	44.667233	43.330412	33.481367	28.86232	14.735321	1.83376	5.284589	4.577676	8.194642	8.238743	6.854421	12.267053	9.944591	8.827022	12.544964	20.909318	10.121655	8.695902	42.521831	66.763223	78.278448	76.965967	71.352803	65.310823	58.466812	56.504049	35.422138	20.372484	13.134793	45.395552	50.20605	38.452959	22.706921	7.435672	5.030044	6.98593	11.136316	15.848265	30.486395	17.180469	13.51501	45.73157	61.317347	42.368205	80.950202	69.476586	103.26611	111.385518	90.128099	64.910913	23.261374	32.748616	56.323385	82.140667	47.989429	20.31144	8.358382	9.831669	10.907739	42.884446	29.206087	40.467836	59.074423	111.294428	112.667783	44.349553	12.753014	29.060415
80.693754	458.457461	1822.170635	6275.624245	27857.308297	10702.630012	2122.292525	1310.882113	393.465071	298.219187	280.503686	302.636196	313.304909	190.404341	560.057451	315.776113	229.073731	214.803791	482.644115	213.639916	195.510515	115.202152	137.155953	130.429014	97.515023	105.901371	89.234354	70.491246	77.936986	152.026214	211.617309	137.56107	123.659484	182.162703	338.405767	164.479643	135.95543	170.716635	127.418166	101.55632	78.337335	116.001468	185.81803	106.024278	122.333217	91.355947	102.67724	127.85394	151.75215	99.032719	107.229677	158.096449	99.475637	107.767758	163.875003	135.520073	94.221575	89.490619	93.036943	83.021277	55.021363	71.586846	90.384957	84.937267	85.237499	68.314372	52.591751	55.745115	50.1999	32.780323	30.102439	35.764358	23.12088	21.692313	21.384034	23.243251	31.772554	24.359531	44.30865	15.430158	16.283461	23.140635	26.569892	14.237309	25.753495	33.941276	23.325359	30.183364	15.420983	26.919331	33.909817	36.484172	39.034937	36.236838	31.293905	26.795705	12.782117	12.231376	8.096824	16.264331	32.654113	24.886745	8.581067	9.560703	7.336477	15.141043	12.114175	13.315323	23.304342	36.213438	33.65225	41.502803	42.097883	35.358192	28.956723	36.083025	33.813251	27.450039	23.819057	25.934593	28.515242	92.726289	0	0	0	0	0	0	0	0	0	0	0	0	0	0	0	0	0	0	0	0	16.166107	12.714317	23.377968	27.280931	17.571085	23.419451	14.285205	28.310599	36.672332	31.206346	60.993466	44.452026	31.732623	43.336729	40.491978	38.451587	26.472258	26.551582	27.623269	19.756742	30.184112	25.15956	30.256458	37.333613	20.463143	30.524764	24.296008	22.294975	16.249002	21.137305	22.581503	26.410174	27.438264	40.86592	29.521019	24.220838	30.877499	36.232615	27.172452	37.162719	47.518406	47.743069	33.948929	22.708127	11.339217	10.587706	7.445488	12.413434	8.611267	6.687433	11.701603	11.646206	12.182214	12.785827	7.524434	18.529281	14.768513	17.092973	41.456652	50.106619	45.238633	59.021279	49.659883	43.102486	30.293969	30.615701	38.685442	36.99903	25.74456	30.270105	45.36943	38.327066	33.811478	20.926983	15.602189	17.802769	22.184092	26.091492	31.90514	27.864837	33.207136	46.624601	56.755033	49.177156	45.199932	40.830711	56.19522	64.999829	54.633695	51.41236	48.051423	41.473264	39.262258	61.363894	48.221602	27.026036	26.683218	20.959046	33.879173	44.251722	34.276309	44.757124	59.995891	100.834477	96.297191	37.507905	26.855294	21.161744
67.140684	394.076543	1329.772381	2850.499137	10702.630012	29396.061853	6803.551665	1840.217567	511.027188	387.009666	300.945929	324.598678	354.425752	210.592403	430.15798	325.012241	266.300211	232.198529	471.025661	207.590676	211.472909	132.000052	155.782877	121.236034	115.593541	101.165283	97.84811	88.652276	84.880301	132.604968	185.580156	135.720367	100.221556	196.55595	347.13434	156.021206	135.516346	186.68651	131.541062	100.246343	87.465844	145.197357	160.111722	101.714016	122.892808	96.955449	112.779686	132.697228	138.812642	110.227726	103.26209	142.891258	112.959937	118.253305	152.905628	123.511976	94.055015	74.425747	80.580658	84.290415	52.513811	78.758344	73.542965	85.233872	81.30588	72.447362	59.511222	47.976394	37.117551	29.607598	41.528488	22.452945	22.605631	16.045545	20.450302	27.100095	29.80009	27.111768	38.231422	23.54801	27.529703	14.717764	19.287944	14.533322	26.161118	27.60081	21.386918	30.394568	11.992578	20.073263	31.362632	28.830113	36.589266	28.674345	39.040443	28.192787	11.321972	13.131873	12.214167	15.131722	23.453876	25.228518	16.90225	10.193386	11.322298	14.178471	10.266259	11.73374	14.455758	27.157	27.113521	39.247627	46.956306	38.431034	30.435054	27.682896	32.552586	31.032243	28.414633	23.743898	29.858271	92.710552	0	0	0	0	0	0	0	0	0	0	0	0	0	0	0	0	0	0	0	0	22.119965	20.586238	15.447005	32.06087	16.581132	22.943628	20.511906	26.177365	22.835312	32.063976	49.184783	40.176106	27.328821	30.664906	35.301183	36.410739	28.106827	26.11649	17.561667	27.824173	30.221843	22.185008	24.354151	29.700659	22.284878	39.823473	21.170046	21.758604	24.990048	23.387484	21.333948	23.272456	31.890067	26.145606	23.447122	25.190349	33.154753	39.180419	33.331434	40.326624	41.369936	42.519815	39.125648	25.834894	12.108809	10.72614	6.816435	6.69373	8.683746	9.904101	10.423476	15.964233	12.974954	9.386516	7.608356	18.967238	14.445869	18.437165	45.942053	40.820541	39.525834	54.221851	36.11224	43.089041	28.461942	24.787201	37.82863	40.676955	22.631291	26.762217	35.978432	32.376435	32.528778	17.10975	18.380224	15.850913	22.759361	27.877584	38.203	27.508149	39.492534	35.29987	42.410199	41.467061	50.86725	39.034422	57.292389	65.703599	58.971749	54.514564	49.810091	42.960377	37.397428	47.908525	42.078062	28.441501	19.2178	20.420298	26.222266	26.848652	31.208858	40.971833	55.595464	88.00745	77.829251	42.958738	32.342358	18.346763
263.860699	1191.04126	1558.899924	2993.611133	2122.292525	6803.551665	60613.006737	12909.437463	2937.752197	1592.869036	1017.812461	894.98829	864.245111	136.536179	499.47407	641.900245	826.585656	699.150146	339.026576	507.526081	330.454201	295.475672	306.124427	286.005858	270.774349	265.695724	296.648208	275.039528	285.2229	278.21241	202.47235	315.527789	346.624642	401.886293	173.1092	302.045575	370.761693	218.263302	262.157885	231.246846	245.088328	273.258371	181.361759	217.726042	234.714838	237.591509	295.888412	259.422536	108.202588	57.620786	59.720612	244.135652	261.569856	266.775559	271.352955	157.340362	39.64929	53.967886	42.852317	116.996695	47.838767	104.089917	84.702365	101.760996	59.092834	152.845021	48.727034	88.204528	69.224218	20.971778	56.276778	49.71378	17.539071	10.824453	19.250315	32.83237	39.145844	19.400382	47.105122	11.936596	12.816808	11.960433	13.076595	12.187246	30.899283	35.229106	21.859509	44.801267	12.479238	39.38129	46.830078	44.682418	63.381197	68.48289	36.499372	34.186532	15.54192	18.721268	9.39405	13.17268	53.621634	30.455216	11.126432	6.850839	9.643622	5.868013	7.358273	9.277202	17.916274	76.648841	98.748823	62.060456	63.35055	79.468738	52.856291	32.07096	35.159255	67.186112	33.700263	24.840383	42.202767	73.987419	0	0	0	0	0	0	0	0	0	0	0	0	0	0	0	0	0	0	0	0	11.357826	22.855956	38.339053	82.861064	38.241305	43.634022	28.504387	56.023068	83.72559	90.41269	45.227899	85.739688	81.839997	83.711002	86.965748	39.021357	22.86761	30.461395	63.194026	65.886158	41.604608	14.292753	19.844405	44.110787	42.062157	61.599162	40.886787	28.654921	13.415575	28.580273	26.166979	41.902163	57.192665	42.140623	21.395094	14.049119	25.814164	51.687198	60.5534	51.101516	59.022114	49.526663	35.331627	37.033385	15.908705	13.715354	5.071111	7.412924	8.76926	16.401652	15.913225	25.335588	11.11807	12.809548	15.828177	30.287967	22.930256	9.030626	43.339439	93.679304	103.851031	96.425861	90.274666	101.367704	69.756916	74.987545	40.377687	22.344774	17.9717	47.312367	77.304003	62.874335	22.371787	11.533577	12.023533	10.27415	16.471779	17.007023	43.523951	19.726007	21.667694	63.929427	89.802805	60.592571	126.713516	107.084894	120.244655	109.319811	100.847727	84.823063	21.392019	38.395431	70.264329	90.658367	60.950902	19.209621	11.540976	10.793964	13.161389	42.938321	28.976729	35.725106	66.155841	108.085994	144.417061	49.791446	17.786052	38.622151
87.806154	518.904826	897.375915	1198.529789	1310.882113	1840.217567	12909.437463	39108.698116	8831.339311	1930.726517	929.146131	701.674715	610.670738	249.232515	602.924899	518.215564	355.774694	407.833677	439.265886	318.678552	341.031693	248.975472	220.093175	231.009796	214.420618	213.439263	172.548825	198.877721	191.680897	216.573171	263.433101	226.646383	190.229711	243.764604	250.813792	223.201315	205.984957	283.700984	223.165147	179.731987	179.877051	233.585791	256.727198	150.381923	198.240012	152.608019	182.614749	203.806223	115.449555	55.905639	74.167735	192.154864	173.371515	189.993071	193.341329	108.986159	36.728711	51.25132	54.326724	75.873961	32.418619	79.987643	72.793345	84.241174	71.482883	98.555746	49.998474	59.493933	46.671299	15.288208	29.165354	24.5825	11.295009	21.755987	12.951086	24.309074	31.220684	18.009046	31.033677	9.692476	14.653641	13.056286	16.143039	12.794366	31.701187	25.070798	9.622421	35.345882	15.036689	30.889095	36.896464	41.79452	51.920153	48.1457	38.114333	28.957427	8.582579	12.655218	11.423553	12.854623	34.829547	22.529174	11.799758	7.763413	5.871681	7.133622	10.443795	14.089326	20.369218	39.09564	60.375798	64.007816	63.522145	54.630297	42.675123	45.1048	51.024225	50.436704	27.61234	24.490241	30.32715	57.253899	0	0	0	0	0	0	0	0	0	0	0	0	0	0	0	0	0	0	0	0	8.370845	21.040389	30.549108	48.020639	34.435571	32.734678	17.418061	32.101869	35.699315	40.284956	51.506015	50.160496	40.082269	43.740476	37.228132	30.146731	25.014137	21.363934	31.195206	35.840884	38.137463	11.534852	20.262949	32.078116	35.759715	44.814927	29.088573	20.059237	9.160105	22.546961	17.490363	33.140667	37.93918	37.673707	26.72043	12.456964	21.571256	36.945572	45.656604	48.712854	45.956241	40.625978	32.464558	25.189682	11.534309	8.479277	3.197346	4.404427	6.240044	3.232016	8.91447	10.445496	9.776526	7.354998	9.609485	17.108801	13.983345	9.025126	28.744491	64.355391	60.946155	83.009317	90.848069	77.102562	52.768487	52.019868	31.060679	25.108537	17.134483	34.923096	59.532102	39.426267	23.843219	7.147388	3.328318	4.618627	12.1646	5.239929	32.662067	10.607567	13.425114	26.921618	45.624573	46.878111	87.488425	83.801754	84.791901	103.999558	89.323973	58.469861	21.628688	28.768314	43.316948	53.790074	42.034161	18.663441	7.715034	9.496669	10.67955	21.270569	16.536265	17.405279	40.042906	120.537176	114.065118	32.062101	7.114079	11.048637
151.849576	675.536671	663.675055	598.979994	393.465071	511.027188	2937.752197	8831.339311	54174.602362	11590.473308	2154.864248	1225.060011	1029.502488	107.809558	643.769101	783.594604	713.941419	585.686903	437.835565	420.196531	415.879312	366.969705	379.692295	377.767868	345.45919	323.279459	330.941494	307.260787	315.735891	343.624936	282.100621	319.962542	388.760181	326.433535	174.169698	274.580702	361.584102	308.664006	325.138921	323.479238	292.655404	331.1734	252.472905	285.828066	280.945664	284.450967	285.806327	257.275393	99.597557	37.669186	48.933482	214.278122	246.788703	268.249863	239.945096	118.599099	23.650928	56.290098	51.692271	119.31585	42.871436	120.47958	88.545943	103.170756	58.628651	160.065671	49.004439	84.657558	77.570266	16.24893	66.011339	32.214688	9.773839	10.980044	14.510911	30.882062	29.467963	21.774313	46.113093	11.216389	17.46293	7.927226	15.526143	11.912333	24.752193	47.035011	16.741839	50.945973	20.447666	32.060704	49.294533	49.919136	95.236231	89.214582	58.235993	34.923021	9.315446	10.950319	5.825681	14.982427	45.237561	26.688508	10.450495	7.374923	3.375636	11.870911	7.540293	7.397035	21.681001	83.249467	107.836778	80.612194	75.443951	84.182985	62.402412	59.246346	54.097154	76.930736	39.674685	22.467099	46.831594	61.323804	0	0	0	0	0	0	0	0	0	0	0	0	0	0	0	0	0	0	0	0	6.534286	20.697177	50.194148	79.402999	53.395856	52.454192	22.823462	52.190501	91.093025	83.100575	59.688233	92.311077	89.457152	78.59417	82.517146	39.143736	33.185251	26.031467	65.518482	59.96221	40.307584	14.894025	19.235604	57.223991	57.738463	72.824518	39.710147	25.461102	8.503584	25.993099	22.656993	48.504991	60.815569	38.359819	23.234081	7.618891	22.868926	55.516162	69.675523	59.8653	60.470824	40.788972	33.251644	35.618428	13.987757	6.338058	6.041778	7.830631	8.569903	13.433188	15.845015	15.231481	11.80333	7.128493	17.581495	26.531848	17.770657	10.911982	42.834066	92.642567	115.917365	128.924783	128.910195	142.69822	91.724722	83.582654	32.201883	25.630897	19.596698	51.077082	76.251499	44.486224	21.378141	6.486646	13.29804	7.63665	18.964813	9.628132	34.831195	13.464259	19.398513	40.087808	68.040594	65.50725	121.642181	127.623044	115.611891	115.558024	102.522479	81.429694	19.460295	43.847248	65.712643	71.826718	39.572817	13.207938	5.464088	8.756407	10.854195	31.457902	23.453893	22.291831	54.260587	82.440387	83.713744	44.525346	8.05669	9.85793
165.609751	634.028777	574.503046	526.406249	298.219187	387.009666	1592.869036	1930.726517	11590.473308	59160.364186	15787.307773	2779.116256	1257.590488	137.270055	525.202959	850.245118	885.322661	642.339714	344.070119	504.347596	477.773682	415.228925	403.705518	430.403421	373.971559	383.585762	404.303569	403.972701	409.175622	366.878074	283.29908	379.802506	410.373792	330.898753	164.987766	270.43853	352.269196	290.668467	338.237787	303.725515	335.789372	337.524346	249.063445	304.572746	383.678425	312.4484	286.960081	246.357858	95.645954	46.361965	53.680028	195.967034	234.350446	243.673236	223.859737	105.989438	22.381408	41.852957	44.208569	83.555445	35.464481	85.970066	84.55326	107.495704	53.317681	116.141218	49.146203	84.229161	61.791547	22.900029	53.761929	35.094453	13.745637	16.164942	9.545758	18.685837	32.047387	25.494211	46.133312	17.758279	7.716174	13.735925	21.707346	7.470657	28.918608	40.67581	35.198019	36.587241	11.896157	33.278726	54.687439	63.564198	86.448812	73.174998	45.09348	32.630371	8.486012	10.092147	6.012395	7.646922	50.613219	28.60923	8.487104	2.709396	9.199974	10.490769	12.384002	11.993394	17.95929	82.30535	105.328718	76.889175	66.313564	107.541035	61.295382	44.706299	45.423506	73.313982	36.9992	23.85363	49.6727	58.591015	0	0	0	0	0	0	0	0	0	0	0	0	0	0	0	0	0	0	0	0	6.558175	15.380071	50.133268	86.668815	44.810592	59.874737	23.498992	56.646134	95.885262	88.360071	51.563017	74.390018	104.507744	120.610356	92.006034	37.189851	26.867477	29.339547	62.178792	69.268198	47.976973	12.146909	17.31646	33.064134	44.211978	73.854649	38.018803	33.225875	11.793381	24.858541	24.742681	45.611461	57.681906	28.560354	19.401215	11.856108	25.058557	49.594568	55.333656	57.229475	58.016952	38.806616	28.935979	35.651414	8.319532	9.134651	5.009412	7.902076	4.546923	16.136722	13.975661	15.16072	9.170586	7.979309	14.784888	21.202664	17.924574	12.16729	27.150475	80.77685	122.060906	135.808952	131.867317	129.901463	80.529205	72.547153	29.952124	23.049909	16.485058	36.824236	61.163168	36.951146	26.478203	8.25242	5.687613	7.984398	15.776842	10.280289	28.507358	9.639783	19.90686	41.425093	56.142597	62.340065	120.91316	119.521594	137.685972	122.162331	90.477534	75.066744	20.849023	25.806168	60.384669	61.788453	47.490337	12.968929	12.369744	12.306246	15.233941	28.970774	20.089726	20.548764	39.649583	76.003915	79.615588	36.175841	10.458261	13.380049
172.234812	534.854212	426.423205	434.070538	280.503686	300.945929	1017.812461	929.146131	2154.864248	15787.307773	57609.152407	11589.680806	1778.501438	193.633926	742.514908	978.79102	1017.557677	580.962175	420.235276	520.955638	477.244896	455.337289	432.080907	443.318029	432.406531	426.348696	402.504434	406.010778	430.405903	346.292079	266.277587	380.178359	390.432156	326.029166	167.258425	255.449065	355.641672	276.955519	333.284184	338.361348	349.340707	340.052645	234.396958	279.37118	347.451384	322.138673	265.535896	173.9263	71.250409	35.841848	53.736802	178.999863	230.020643	223.140799	193.980125	92.323781	24.405359	35.876339	43.412441	70.349622	33.634324	78.919538	71.711154	88.647469	46.656061	114.688126	55.708573	64.203358	53.968294	18.828205	47.386716	39.88753	8.863834	11.949582	11.401631	34.80719	30.903561	20.045642	39.860375	12.108024	9.452893	5.828684	13.753138	8.103419	31.628419	42.700846	17.316475	42.525959	20.866668	35.817426	42.166004	44.435974	86.417407	86.114787	46.49726	30.938126	5.046884	16.994146	7.1005	10.65878	46.916568	32.892255	9.5772	2.446458	3.190842	4.849293	7.357977	8.795713	22.559093	80.804229	104.342431	84.518958	64.709505	110.959907	60.107346	46.771193	44.241283	80.372932	34.641224	21.199501	37.987242	53.946421	0	0	0	0	0	0	0	0	0	0	0	0	0	0	0	0	0	0	0	0	5.116761	16.402897	53.802307	86.742736	53.473945	42.402818	28.42721	49.68654	106.984236	97.797261	45.735377	75.041971	98.960037	119.755146	90.014705	32.66164	27.799291	16.970544	68.33965	69.638427	44.448023	14.265109	16.60848	35.706955	50.321891	63.968363	55.931346	26.998813	13.996877	23.236229	27.258234	45.397345	51.649179	29.601542	24.347679	11.369401	18.829407	41.595359	55.599686	38.993948	53.897274	29.712541	33.427055	37.675023	16.555684	9.814663	4.179959	6.656529	6.641994	13.624723	16.438562	14.749402	7.956158	8.573521	12.369482	17.183967	17.096973	10.232332	32.871983	82.522114	129.875257	132.702034	128.622225	133.607266	74.695962	65.109868	25.647943	23.10098	8.988337	39.635712	68.674951	39.947185	18.279089	6.902712	7.371997	6.324525	8.353957	14.60861	30.40003	11.734062	18.039515	33.803999	63.581528	45.3732	112.148678	121.208343	116.480212	84.072139	75.070339	52.14314	27.704823	29.276827	59.656679	67.526984	35.356579	12.087578	7.435714	6.857024	8.895181	23.184254	15.874668	19.798119	39.305631	54.629716	67.408388	37.73778	11.772826	6.778005
206.104025	618.100159	425.256167	412.949684	302.636196	324.598678	894.98829	701.674715	1225.060011	2779.116256	11589.680806	64567.073521	10557.262845	353.645587	972.188536	1257.634356	1359.317821	736.343909	419.843729	583.041485	451.546906	463.752798	465.88091	460.529889	403.555079	411.32084	465.584638	436.684639	437.769701	306.920233	208.647426	358.783244	428.749413	325.04046	121.72838	207.503309	336.200878	198.518069	283.857536	274.407133	335.694198	270.231672	214.616339	292.327461	335.728419	305.077312	286.460621	145.038479	61.835801	33.716119	46.486011	131.481366	199.654277	195.28228	165.850426	80.270322	35.17917	31.18705	42.570746	68.066435	23.134713	60.417815	60.249562	74.768464	38.859094	97.646239	40.089909	48.509812	42.62261	17.279288	42.462982	36.244847	12.270493	6.168349	17.298313	29.127135	27.116627	21.776787	33.983309	7.241029	6.286787	8.721357	18.878337	10.730998	29.282566	30.889499	19.884009	28.703291	17.762187	34.370441	33.916833	37.286426	65.23252	69.192757	35.099748	30.71088	5.634093	12.636307	13.42564	10.664191	40.519599	23.272071	8.146283	7.289472	6.633242	2.860955	7.284413	9.504858	17.4238	80.32559	95.488622	71.610117	63.84224	91.439336	55.035299	40.713506	39.025389	52.663283	21.631633	16.602718	27.223622	56.627544	0	0	0	0	0	0	0	0	0	0	0	0	0	0	0	0	0	0	0	0	5.881356	16.578366	46.377866	94.166577	47.746368	40.571834	23.457377	58.173057	123.238758	100.70444	37.436156	87.837811	113.433156	149.458577	111.493326	32.062402	21.30242	15.820896	55.02811	67.920636	39.920113	12.341332	12.394924	34.656188	33.273588	58.091816	30.837886	21.048849	10.48505	21.451031	22.644741	42.855602	35.57981	24.413223	17.354043	12.379153	19.381817	42.240223	51.528538	26.210136	52.999667	37.385144	28.966567	24.708611	15.847826	7.325007	6.71422	6.857123	6.580606	11.649544	13.025298	8.290113	8.081758	8.492314	11.117551	20.853854	13.389728	10.853875	28.737147	67.59984	111.438281	102.698391	102.493355	103.086522	70.1638	58.457327	22.363956	16.80185	18.330676	27.225385	45.192093	36.976394	15.28171	8.962722	6.951636	12.73629	12.112194	9.606019	26.086975	12.177077	19.329375	29.097608	47.812406	37.273636	99.204919	95.508067	102.398759	64.571801	64.651471	45.070623	16.324928	22.00353	59.418183	53.803738	38.851789	10.233528	5.734593	10.585027	12.113075	23.272553	17.727291	22.270783	29.524032	46.140087	57.952853	33.977293	12.76403	10.062441
141.992508	482.639932	406.530146	411.186651	313.304909	354.425752	864.245111	610.670738	1029.502488	1257.590488	1778.501438	10557.262845	60713.680997	2163.28675	3018.608691	2713.810139	1776.619476	842.111515	597.801367	710.274923	537.701269	499.077077	475.315374	434.479646	425.578056	441.939574	520.984794	437.81542	368.841594	325.232162	277.682445	380.186529	400.115302	370.448945	202.98044	269.409885	334.562549	248.458241	307.927675	268.975457	314.945226	286.885937	208.878787	261.584822	254.703927	255.370063	269.555727	175.730298	68.796106	42.181509	57.112557	127.271752	189.686344	219.101315	190.564173	102.262892	35.329925	45.369124	42.079375	66.334702	27.028451	69.377713	66.970233	81.633482	66.38488	102.567992	44.778349	65.901224	51.234584	16.414714	37.955856	26.993244	13.349534	12.841269	14.133743	21.995466	29.767694	22.18123	37.165971	9.531206	13.501456	13.382265	12.742446	10.470877	25.844989	36.444721	21.578282	43.276594	16.362304	32.240112	40.09104	35.157917	61.504856	68.617575	36.428094	23.753964	8.805979	15.411133	6.446538	13.557975	47.377642	29.235565	8.093172	5.080541	5.810075	10.414005	8.852945	10.527938	13.802404	80.179659	95.957966	83.657999	71.00841	97.079209	60.353816	39.214764	46.53367	67.154712	32.903677	16.757561	34.344759	62.047027	0	0	0	0	0	0	0	0	0	0	0	0	0	0	0	0	0	0	0	0	17.719098	28.374815	49.835762	93.527419	51.432122	48.385648	27.231513	53.083059	106.010473	113.754336	69.325722	104.311355	108.372497	111.119468	103.907281	41.910278	33.229366	29.08525	60.565304	65.924399	34.781376	13.876373	17.118919	37.193544	38.206325	67.050613	36.264738	24.721348	14.797617	24.227689	29.120992	33.976682	39.504046	29.833658	23.946468	10.091865	25.280306	52.973446	52.238474	39.626988	68.550236	42.93916	32.732809	29.344217	20.318805	10.609101	1.962944	4.937805	3.804673	14.600015	14.675718	7.722674	8.782996	6.098005	14.51627	13.981273	14.040058	9.633736	29.952856	66.209514	97.493964	96.94915	103.413376	99.066038	54.241204	51.719193	25.002806	15.650579	16.631593	38.899554	47.484524	28.857757	16.596485	14.048486	5.860442	12.770435	7.130988	14.836729	22.397417	15.479863	21.024152	28.168815	40.97146	39.647314	93.039722	78.797439	89.261433	72.048419	65.807272	51.162746	11.296136	27.255027	66.000061	51.101752	33.460081	18.286318	10.859108	11.5405	13.800662	18.416171	13.948102	15.474471	29.551858	49.996986	49.496001	24.627126	12.752975	12.737664
9.439693	44.001063	110.534749	110.57273	190.404341	210.592403	136.536179	249.232515	107.809558	137.270055	193.633926	353.645587	2163.28675	6598.171578	4314.093432	1322.512614	229.863907	217.677642	359.107506	155.86943	166.552793	59.91054	68.125777	82.872415	61.059004	56.980509	43.949941	38.037132	43.613387	96.977038	170.772963	74.975766	61.741152	92.261156	145.631603	107.800589	47.233955	151.716454	84.715253	55.384453	29.292168	94.670563	145.234109	59.143276	74.309567	54.229897	42.828301	76.176914	52.202495	28.593336	44.880696	44.494562	34.191055	46.892906	59.789048	43.3008	18.990802	25.384647	26.102886	22.994514	13.696402	25.726716	27.411035	43.392735	47.714685	33.477992	16.793069	24.918364	18.001726	3.073709	12.282228	8.939534	5.216593	8.377433	4.627984	7.353361	9.022532	9.664035	16.40243	4.738715	3.401107	3.816371	8.586683	7.964415	10.110488	10.266136	8.980347	17.623271	9.535681	8.57984	20.326574	14.104777	18.932654	19.276054	18.250904	15.158545	2.451429	2.227305	1.056949	4.557493	10.04276	6.361598	3.618864	1.049552	1.91509	3.81125	1.958976	3.400353	5.632181	17.316946	26.37456	40.620467	35.59707	26.905161	29.694688	28.046145	34.787417	23.034297	14.718611	16.340096	27.560084	24.055348	0	0	0	0	0	0	0	0	0	0	0	0	0	0	0	0	0	0	0	0	1.899883	1.379653	10.846064	20.720571	17.566999	22.087747	7.071924	17.064048	17.40552	20.114157	59.102104	31.632754	18.134033	20.878505	15.710368	19.453402	14.367254	18.171852	15.726747	14.393244	12.222439	5.518245	5.023269	11.683956	12.141767	21.632988	12.997042	7.994868	2.53386	8.595504	6.151842	8.49535	19.875412	13.734894	10.589027	4.466096	7.25881	9.130351	9.62331	31.210171	26.94257	24.532416	14.91227	6.387571	3.621134	0.614383	2.086329	1.018823	1.6718	2.924648	1.789884	3.592673	1.705373	1.674461	2.260967	2.9452	1.700808	5.191108	12.568436	17.722344	31.455314	42.204978	26.618199	27.425237	19.51916	11.752511	8.37526	4.416385	5.20838	8.63845	10.256303	8.612252	5.597281	3.596493	1.192757	0.079034	3.653943	1.793293	8.570279	5.447708	3.046354	8.071699	13.703839	13.90788	32.852215	34.627964	28.323546	40.852255	37.473556	17.183355	18.970971	8.313512	25.514398	15.729643	11.28846	8.120551	3.024119	2.519123	4.876924	5.602293	7.064693	7.502268	15.844929	38.47649	25.840821	6.843357	4.417075	0.52933
56.600489	231.096193	275.180095	304.411037	560.057451	430.15798	499.47407	602.924899	643.769101	525.202959	742.514908	972.188536	3018.608691	4314.093432	37723.594067	16886.094075	1558.740427	874.783694	860.612312	605.186447	521.400133	304.969439	318.756006	286.886472	309.978738	299.674995	240.789237	203.937087	202.891847	273.685481	388.353934	289.149999	238.431083	305.598542	417.22263	242.347809	215.948423	262.251252	203.066871	193.52383	183.923181	259.029938	264.780839	173.378728	200.243954	157.294543	162.991113	153.925124	99.864702	60.32093	63.194155	138.135676	156.619912	193.111059	199.642028	123.435165	41.098999	53.675581	52.903807	78.955109	45.473626	48.829918	73.444728	87.788246	78.178064	86.264897	50.228438	59.547234	35.768128	18.180089	24.994916	25.245156	17.588456	25.088234	14.648143	23.690384	27.617934	22.666152	51.52564	15.272124	16.605813	17.120181	14.127425	17.334306	31.756878	40.48326	18.480231	36.469829	15.957932	29.837154	47.70381	45.00927	57.201913	60.380622	42.450544	24.21562	7.052195	14.339232	9.740338	6.809212	32.420284	29.845381	11.397664	1.968508	9.504701	14.161905	9.746041	7.889725	20.962395	45.627907	54.403104	70.820425	87.430393	64.319843	57.537153	52.135225	55.627913	49.315291	28.607247	20.288656	38.170187	79.181652	0	0	0	0	0	0	0	0	0	0	0	0	0	0	0	0	0	0	0	0	12.499575	17.306689	43.829617	53.870457	47.197882	45.662938	38.665774	43.74383	45.088387	59.128834	73.288131	68.40407	42.042379	54.370939	47.949323	41.383465	25.815051	25.69162	38.459759	37.126914	25.372778	18.84555	14.22658	26.159897	33.573468	43.949739	26.661478	26.68932	15.572627	18.143303	28.053574	25.402433	39.101816	32.973913	18.420708	13.018206	22.64425	42.956811	45.659028	53.426778	41.984809	49.499517	42.216405	22.714044	6.423986	7.106535	8.62114	4.457892	8.11911	9.285201	14.527737	12.103184	12.627347	9.341106	12.103241	17.792486	10.853881	7.775015	31.38297	42.713398	76.92896	85.296312	74.385354	60.070115	45.724458	29.568528	28.457123	10.889305	12.318322	24.139256	41.827388	30.513758	26.162635	8.365447	7.763291	10.890852	14.64742	17.160589	25.641267	12.078176	15.084655	20.853513	39.700818	40.242889	65.594862	67.623265	61.668368	65.387349	58.640827	40.477491	16.407377	21.87735	49.749787	47.82631	32.520726	17.240168	10.427573	5.025793	10.466803	11.634109	12.768283	20.857893	29.458198	65.1073	55.004912	18.383185	9.22276	6.292834
116.241852	385.773397	341.43078	384.440953	315.776113	325.012241	641.900245	518.215564	783.594604	850.245118	978.79102	1257.634356	2713.810139	1322.512614	16886.094075	57811.532599	12252.52479	1520.199572	863.729899	825.48069	671.28667	582.620822	559.760002	564.397972	438.154394	486.625007	467.90608	496.005514	461.701503	422.07125	354.005424	426.038052	398.745667	457.6531	202.398248	296.453728	366.322689	264.468572	303.15094	271.76099	278.98602	319.735077	224.487107	231.681343	262.313344	227.018769	252.292709	182.992422	94.954789	40.891287	65.57186	166.756058	202.733098	211.415787	199.190107	94.393924	29.879043	51.937437	41.299083	73.305131	34.629392	79.955034	61.89827	86.246137	51.571863	102.895873	48.805732	82.591938	56.675172	10.451311	32.828597	21.431378	9.137181	13.636537	11.827039	28.119724	25.448331	21.924122	43.557607	12.755943	8.021013	15.132608	15.734836	10.596781	25.424033	38.451728	17.171652	38.537876	13.665662	37.917702	50.347945	57.045881	79.328012	72.943191	40.51955	28.046419	7.978236	14.731227	9.870458	8.486658	46.809013	27.386832	7.804699	3.820475	15.688935	7.280774	7.370859	9.734576	9.485194	74.4454	109.216084	73.62299	82.69163	100.605507	75.907805	47.623137	43.90986	67.196333	33.901675	23.982186	42.907155	61.844269	0	0	0	0	0	0	0	0	0	0	0	0	0	0	0	0	0	0	0	0	7.033613	25.25152	46.861047	88.679368	52.633157	47.440634	39.46333	54.50836	93.340445	87.295986	69.556648	93.763824	81.754969	94.369055	83.865419	43.648	22.809755	32.822329	54.455157	65.034069	40.915104	12.844263	19.496353	41.235217	36.745836	54.652049	32.35845	22.68575	12.046861	24.086655	26.007436	37.103218	43.149284	29.549404	18.449966	8.879297	28.055667	39.846996	47.801632	49.637004	50.559132	40.197835	34.469661	23.967209	16.547969	9.369585	7.437792	8.089925	6.739506	8.756169	17.094941	13.350131	4.479993	14.725189	19.58844	24.252112	12.770178	13.421477	29.422521	63.673323	89.378526	102.175275	97.862063	93.468709	57.490986	46.158973	25.35732	13.900065	14.399619	29.332883	52.329017	32.792773	19.362794	8.926767	4.619496	9.009016	13.400208	7.638654	26.590219	9.847878	11.791347	31.516726	44.318448	32.726644	81.735212	76.462039	81.519105	71.985724	66.210915	46.971744	16.474395	26.601463	77.687502	61.920014	31.172534	13.105316	11.488496	8.850858	11.52765	23.592429	18.438942	12.766598	39.965115	59.980235	69.164033	22.611179	8.988983	18.96742
231.940031	677.415664	328.544433	324.701074	229.073731	266.300211	826.585656	355.774694	713.941419	885.322661	1017.557677	1359.317821	1776.619476	229.863907	1558.740427	12252.52479	73117.627466	13221.118597	1002.137052	1454.776111	953.319546	1344.532072	856.655691	821.203531	647.908565	676.358077	1021.325945	904.365101	1005.499278	500.638347	329.815845	630.742041	789.25083	563.486748	165.238569	308.412605	630.343031	234.178147	363.576291	402.045516	482.403938	390.139672	204.511935	360.376351	363.837343	403.374849	453.744183	210.512954	67.833161	39.884605	46.537806	202.658084	252.157445	234.370516	185.142278	96.62023	35.631915	33.898795	38.54615	79.930581	31.698674	104.425316	66.583328	85.070202	48.366485	163.481961	55.603008	110.096802	72.930559	17.851801	72.889256	47.373045	17.953693	15.698062	21.304779	28.906182	38.658612	30.48464	54.188495	13.741632	17.964446	9.722707	13.073996	11.300425	29.419687	49.47766	23.447076	44.530967	22.025262	39.659428	62.008961	57.096275	114.522272	118.929391	51.638366	43.253861	8.706398	18.18815	6.484972	11.693827	73.433813	33.958237	8.411425	11.457159	9.156004	7.838669	8.382462	11.114607	23.692496	118.30123	151.432555	80.176129	83.959672	121.908784	90.191893	60.182258	52.474502	96.94369	43.601538	22.02925	65.258921	75.467028	0	0	0	0	0	0	0	0	0	0	0	0	0	0	0	0	0	0	0	0	6.409806	44.926126	121.289181	331.581156	163.104451	63.57141	145.165787	170.352684	168.429218	134.486743	51.026945	125.383559	150.067281	196.114361	149.187152	38.830405	33.601956	27.093882	86.010994	97.516633	38.775589	19.540542	24.276833	40.820823	39.113068	79.367077	47.287299	35.684105	16.204193	25.055505	27.250321	53.050314	51.012906	30.307409	20.187426	7.954028	21.168858	43.287817	58.138684	39.903723	65.525429	40.234727	25.094869	28.89323	16.16954	6.227004	9.838184	4.846793	6.675518	8.071067	18.373775	20.27786	10.934451	8.504606	13.784801	25.329045	20.255282	12.752544	32.835193	78.558459	136.143109	107.627652	126.172749	126.836926	75.100471	77.91395	30.055701	18.074546	14.288565	50.28649	58.752131	47.063757	23.583087	12.141701	15.839245	11.419182	12.152799	13.351748	44.102919	21.865079	18.132701	31.783278	64.463404	43.836132	112.139594	118.443089	116.054892	82.04095	60.881343	62.538565	19.952267	24.974505	752.210667	82.906758	33.993319	19.047487	19.932357	8.515454	13.347811	27.217031	22.827804	20.427354	39.031341	45.134824	57.867044	39.134307	8.359882	9.175936
