3.349117	3.061048	2.003434	1.61817	1.24285	1.167979	1.739799	1.27752	1.505631	1.542176	1.558731	1.634721	1.477423	0.466766	1.099272	1.393713	1.684887	1.419555	1.038791	1.322395	1.185867	1.443441	1.445398	1.383635	1.289675	1.284507	1.507002	1.463277	1.502434	1.19203	0.896237	1.341557	1.580535	1.350018	0.81109	1.129722	1.398449	1.01812	1.259503	1.372365	1.462103	1.282022	1.061827	1.424918	1.489032	1.498771	1.469629	1.131212	0.820043	0.53283	0.562239	1.046035	1.246205	1.340071	1.179104	0.877555	0.389784	0.533489	0.180395	0.716862	0.491037	0.541668	0.6876	0.712408	0.631005	0.940752	0.394407	0.698102	0.714051	0.244513	0.701307	0.41966	0.156201	0.286007	0.233009	0.302245	0.29119	0.437339	0.564634	0.263539	0.187656	0.133265	0.16837	0.193671	0.4677	0.436761	0.382064	0.628703	0.23939	0.57539	0.66382	0.570753	0.792861	0.810586	0.654301	0.51754	0.192532	0.354537	0.182381	0.313269	0.640266	0.554457	0.139683	0.031265	0.056304	0.05845	0.050631	0.220082	0.085311	0.905718	0.855628	0.681628	0.764597	0.953009	0.770044	0.711472	0.621	0.868452	0.606004	0.594117	0.614926	0.85103	0	0	0	0	0	0	0	0	0	0	0	0	0	0	0	0	0	0	0	0	0.511936	0.440256	0.560889	0.960278	0.570715	0.567926	0.439366	0.7466	1.186166	0.967094	0.530793	1.026792	1.103957	1.152801	1.078128	0.631126	0.325997	0.489727	0.907948	0.940995	0.618399	0.292033	0.312209	0.32505	0.293752	0.745844	0.470295	0.29975	0.346016	0.369902	0.458582	0.687936	0.344394	0.336364	0.281175	0.049434	0.448214	0.464274	0.710477	0.473711	0.665836	0.530044	0.38126	0.530876	0.516078	0.304111	0.124706	0.217557	0.12732	0.189261	0.198644	0.20452	0.187252	0.327309	0.343583	0.244052	0.262353	0.394277	0.477831	0.874832	1.08673	0.999432	0.979192	1.047839	0.832942	0.892622	0.52736	0.326513	0.346921	0.549864	0.825761	0.657981	0.418308	0.135418	0.166943	0.283381	0.201329	0.345256	0.504458	0.347309	0.571554	0.829313	1.252086	0.676717	1.040299	1.023804	1.149246	0.901432	0.837738	0.598706	0.399059	0.476762	0.732242	0.819291	0.468524	0.26752	0.193346	0.287699	0.537715	0.531615	0.507311	0.960934	0.699554	0.789018	0.746224	0.535934	0.574458	0.556709
3.061048	3.993491	3.108386	2.487406	1.976354	1.911384	2.388152	2.029608	2.143228	2.115893	2.042635	2.104928	1.998449	0.999699	1.683337	1.902251	2.144426	1.835108	1.610185	1.828029	1.682353	1.794805	1.817042	1.788382	1.7524	1.726312	1.871621	1.854811	1.869786	1.660775	1.491571	1.701517	1.859103	1.737513	1.273408	1.650626	1.799218	1.504627	1.639672	1.667876	1.697786	1.63296	1.458888	1.720159	1.732855	1.782677	1.761187	1.607011	1.128928	0.844583	1.013537	1.457311	1.675052	1.637243	1.549583	1.211688	0.737365	0.862121	0.811062	1.121833	0.798732	1.136982	1.062861	1.078451	0.903441	1.249463	0.783073	0.989439	1.012927	0.472678	0.881011	0.695429	0.436396	0.397263	0.469279	0.605262	0.804801	0.71497	0.898927	0.34265	0.398982	0.270078	0.306155	0.404472	0.697978	0.789028	0.623734	0.855892	0.460236	0.880168	0.868603	0.860514	1.071679	1.062096	0.846625	0.708175	0.310499	0.555471	0.335984	0.49139	0.854621	0.622693	0.28129	0.3451	0.17629	0.249825	0.244684	0.454386	0.529985	1.126368	1.226259	1.054304	1.000188	1.187751	0.9996	0.878499	0.86533	1.096998	0.731859	0.745879	0.808677	1.034098	0	0	0	0	0	0	0	0	0	0	0	0	0	0	0	0	0	0	0	0	0.384261	0.695559	1.067387	1.306655	0.968235	0.906944	0.677828	1.090361	1.508647	1.373365	0.85505	1.355024	1.407913	1.504137	1.388406	0.967049	0.798306	0.856165	1.24506	1.202664	0.824194	0.555168	0.416634	0.865058	0.833727	1.16046	0.893584	0.660148	0.384538	0.708616	0.699389	0.975168	0.933906	0.572552	0.540732	0.457175	0.67684	0.905421	0.947886	0.983845	1.098195	0.802196	0.821605	0.799486	0.582868	0.209843	0.235527	0.467837	0.260395	0.394069	0.441525	0.589853	0.394374	0.38943	0.289359	0.593933	0.491218	0.331141	0.96152	1.197196	1.3256	1.260679	1.278725	1.347288	1.140691	1.135713	0.653948	0.571519	0.571613	0.940408	1.086152	0.91623	0.586414	0.218398	0.30457	0.439233	0.403871	0.381863	0.841799	0.557832	0.55616	0.791436	1.005219	0.990682	1.320225	1.355938	1.479504	1.302022	1.122663	1.13685	0.689351	0.745124	1.047709	1.127215	0.952632	0.394202	0.484622	0.351981	0.428171	0.626603	0.650312	0.763205	0.821616	0.996999	1.07619	0.957344	0.449905	0.613419
2.003434	3.108386	3.873426	3.254661	2.572199	2.435817	2.504624	2.265781	2.13559	2.07342	1.945241	1.944064	1.924733	1.372754	1.757716	1.849927	1.833459	1.794571	1.774722	1.729126	1.677141	1.634376	1.692681	1.651268	1.555475	1.552804	1.575433	1.621846	1.576109	1.572681	1.537058	1.626985	1.66935	1.689677	1.463054	1.585778	1.61809	1.527795	1.520572	1.491116	1.566158	1.567986	1.555423	1.566691	1.624442	1.594087	1.578925	1.529041	1.300475	1.051052	1.036798	1.451003	1.603346	1.618432	1.57097	1.320535	0.905944	0.856468	0.834195	1.11063	0.77075	1.058913	0.983367	0.984152	0.823136	1.185317	0.733832	1.008493	0.860503	0.522968	0.807134	0.828012	0.544459	0.537129	0.633197	0.662343	0.819182	0.638471	0.902346	0.451073	0.331173	0.410015	0.382769	0.246219	0.676172	0.750705	0.660501	0.868489	0.44721	0.80492	0.837907	0.745353	0.947664	0.966522	0.763915	0.591262	0.44924	0.274406	0.262918	0.45019	0.854614	0.732992	0.323964	0.244763	0.390566	0.33191	0.229702	0.437606	0.68322	0.954951	0.985152	0.980198	0.894711	1.077192	0.870686	0.825757	0.945965	0.930316	0.819104	0.7081	0.837365	1.239847	0	0	0	0	0	0	0	0	0	0	0	0	0	0	0	0	0	0	0	0	0.423209	0.783128	0.829436	1.129154	0.935702	0.882254	0.651727	0.964721	1.106841	1.155152	1.00213	1.130097	1.148455	1.21933	1.156053	0.785957	0.848497	0.844566	0.996685	1.014803	0.823173	0.534109	0.73891	0.800235	0.816687	0.995263	0.831477	0.766881	0.490376	0.672933	0.661629	0.838746	0.892829	0.743275	0.770775	0.627487	0.710717	0.789908	0.973199	0.861777	1.030305	0.836039	0.798225	0.640108	0.562078	0.237828	0.097528	0.378211	0.323356	0.243881	0.479185	0.544681	0.385548	0.23675	0.324731	0.553434	0.531229	0.399561	0.869689	1.138272	1.19139	1.157305	1.138104	1.14081	1.024084	1.105553	0.8448	0.62899	0.674512	0.87129	1.09339	0.900611	0.640383	0.397899	0.250228	0.217481	0.307234	0.33833	0.832558	0.556369	0.629903	0.824516	0.978079	1.017291	1.262967	1.281098	1.570937	1.360237	1.175393	1.071739	0.710617	0.805971	1.019728	1.154115	0.945312	0.640235	0.490155	0.533563	0.411777	0.641373	0.700969	0.619372	0.890386	1.12018	1.149341	0.889068	0.556847	0.533742
1.61817	2.487406	3.254661	3.872463	3.10844	2.766111	2.78735	2.390863	2.09139	2.035784	1.952873	1.931458	1.929621	1.372897	1.80083	1.900767	1.828424	1.771634	1.787101	1.763491	1.675846	1.613475	1.683007	1.58233	1.566866	1.516829	1.571252	1.510438	1.539782	1.556648	1.567812	1.56707	1.683478	1.730878	1.48652	1.626811	1.642836	1.544256	1.529284	1.452516	1.513471	1.555364	1.500656	1.534956	1.593292	1.532203	1.60037	1.603075	1.3058	1.001222	1.141639	1.595748	1.630483	1.662205	1.684185	1.481535	0.837459	0.96648	0.872398	1.267872	0.724195	1.240812	1.018531	1.184614	1.000016	1.266766	0.927766	1.099974	0.995849	0.574471	0.902804	0.889857	0.332395	0.42055	0.450384	0.622619	0.853412	0.657054	0.914703	0.493198	0.418156	0.410714	0.364754	0.409399	0.790495	0.875943	0.578731	0.911264	0.464885	0.783818	0.878243	0.847125	1.064972	1.077402	0.81247	0.763476	0.340975	0.275532	0.309372	0.425808	0.882647	0.767968	0.192625	0.221111	0.299797	0.333359	0.337088	0.197541	0.529551	1.002794	1.042795	0.961448	0.983367	1.100621	0.970487	0.834079	0.868907	0.933443	0.793141	0.714164	0.913686	1.109143	0	0	0	0	0	0	0	0	0	0	0	0	0	0	0	0	0	0	0	0	0.539343	0.677147	0.867617	1.098014	0.729498	0.800627	0.730633	0.983103	1.032011	1.067042	1.046595	1.15153	1.020123	1.094131	1.181447	0.929528	0.735141	0.822478	0.932073	1.00639	0.850505	0.563822	0.684255	0.827833	0.767707	1.043243	0.792381	0.727699	0.497212	0.674017	0.686016	0.854616	0.863819	0.82391	0.698024	0.426228	0.70908	0.971131	1.048414	0.977455	1.005576	0.993701	0.894484	0.838784	0.603323	0.138236	0.31808	0.286816	0.427299	0.42876	0.380379	0.544958	0.481802	0.447793	0.551935	0.7221	0.486954	0.443622	0.986357	1.165697	1.230418	1.22351	1.19266	1.156804	1.112257	1.098591	0.915911	0.712969	0.566382	1.011912	1.051587	0.947391	0.751349	0.401353	0.30708	0.385214	0.515354	0.627275	0.859193	0.654311	0.575446	1.014804	1.131369	0.984948	1.24415	1.181839	1.344507	1.375944	1.288264	1.154323	0.759987	0.886111	1.097311	1.250131	1.033754	0.711918	0.432699	0.478484	0.509116	0.989666	0.843185	0.967124	1.116402	1.375603	1.380707	1.002784	0.557086	0.841326
1.24285	1.976354	2.572199	3.10844	3.75546	3.340134	2.63825	2.429627	1.910718	1.792048	1.765894	1.798331	1.813142	1.601141	2.062455	1.816502	1.679599	1.652268	1.998452	1.649961	1.61235	1.38997	1.462882	1.441813	1.320778	1.354962	1.28416	1.187724	1.228631	1.50612	1.645923	1.464119	1.419525	1.582415	1.846117	1.539288	1.459196	1.554993	1.432041	1.337587	1.230725	1.392851	1.59082	1.355443	1.415021	1.29384	1.342136	1.433469	1.505361	1.327167	1.360138	1.522604	1.329014	1.362217	1.537734	1.457852	1.306581	1.285341	1.301359	1.254503	1.087974	1.193991	1.289436	1.263867	1.265316	1.174998	1.069996	1.093189	1.051539	0.886476	0.854454	0.919582	0.757815	0.735083	0.730018	0.759708	0.874701	0.776605	1.002423	0.618431	0.636294	0.758121	0.80824	0.592162	0.796823	0.899658	0.760973	0.855457	0.618235	0.813037	0.899306	0.927203	0.953184	0.9246	0.868994	0.811346	0.557802	0.544054	0.424041	0.635901	0.885019	0.784363	0.439936	0.470417	0.397845	0.612209	0.541071	0.570709	0.76065	0.924352	0.896413	0.976922	0.982456	0.915221	0.839997	0.922972	0.898224	0.820223	0.768506	0.799381	0.834296	1.29998	0	0	0	0	0	0	0	0	0	0	0	0	0	0	0	0	0	0	0	0	0.63388	0.556133	0.761782	0.817946	0.661929	0.762419	0.593248	0.831627	0.929174	0.867942	1.12924	1.003686	0.874227	0.993758	0.967355	0.947378	0.806891	0.807988	0.822543	0.702253	0.855466	0.788323	0.856361	0.936029	0.714524	0.859663	0.775661	0.744818	0.635586	0.72592	0.749371	0.80603	0.820065	0.970919	0.847177	0.774541	0.863967	0.924555	0.816479	0.934268	1.029869	1.031727	0.899743	0.751368	0.520817	0.500229	0.401699	0.548647	0.440909	0.374161	0.530406	0.528954	0.542805	0.557893	0.404469	0.68007	0.604057	0.652586	0.976489	1.050803	1.010555	1.116041	1.047261	0.991643	0.856824	0.860777	0.949714	0.932574	0.796696	0.856529	1.011686	0.946128	0.898204	0.722397	0.622092	0.666386	0.743043	0.801586	0.876268	0.825757	0.891369	1.022399	1.100363	1.043401	1.010219	0.970584	1.096401	1.154876	1.085155	1.060993	1.034263	0.976645	0.955425	1.131675	1.035657	0.814492	0.809802	0.722936	0.898963	1.00192	0.903388	1.006363	1.122614	1.334632	1.315582	0.937818	0.812162	0.726328
1.167979	1.911384	2.435817	2.766111	3.340134	3.778806	3.143493	2.576467	2.023027	1.903623	1.795937	1.828289	1.865925	1.643862	1.948985	1.828834	1.743723	1.685361	1.987977	1.63777	1.645633	1.446826	1.516395	1.411259	1.391383	1.335989	1.322188	1.281466	1.263591	1.448741	1.590278	1.458471	1.332107	1.614609	1.857021	1.517039	1.45784	1.592794	1.445367	1.332209	1.275922	1.486797	1.527941	1.33823	1.416927	1.318398	1.38112	1.449032	1.467918	1.371598	1.344491	1.480072	1.381785	1.400866	1.508548	1.419026	1.305851	1.20982	1.242276	1.260728	1.069407	1.232917	1.204959	1.265298	1.245945	1.19885	1.119358	1.033647	0.933801	0.848269	0.977162	0.747334	0.749752	0.631387	0.714304	0.815498	0.850685	0.815657	0.945166	0.764387	0.821291	0.602934	0.693914	0.59883	0.802561	0.822243	0.730065	0.858064	0.537955	0.707795	0.869818	0.83837	0.928305	0.836359	0.953238	0.830083	0.520355	0.566312	0.543617	0.612007	0.762947	0.789319	0.648802	0.489024	0.520364	0.590824	0.491116	0.531246	0.597093	0.81627	0.81568	0.955281	1.025186	0.947172	0.858562	0.823338	0.883843	0.865842	0.832986	0.767367	0.851413	1.29991	0	0	0	0	0	0	0	0	0	0	0	0	0	0	0	0	0	0	0	0	0.742014	0.716628	0.618791	0.878102	0.642356	0.755058	0.715359	0.802788	0.753365	0.878139	1.043462	0.964322	0.818592	0.861378	0.914606	0.926432	0.828954	0.801936	0.661747	0.825218	0.855933	0.743058	0.776525	0.849439	0.744657	0.96091	0.726466	0.736165	0.785867	0.761928	0.729189	0.760158	0.87609	0.802344	0.762843	0.788768	0.890771	0.954619	0.892783	0.96577	0.975676	0.986339	0.954079	0.797975	0.540934	0.504096	0.378972	0.374397	0.443233	0.480615	0.495597	0.629697	0.562514	0.465152	0.407394	0.688116	0.596871	0.678359	1.016606	0.970488	0.95801	1.08214	0.923282	0.991522	0.833602	0.782908	0.94109	0.969121	0.750158	0.810887	0.921862	0.881795	0.883567	0.652917	0.677297	0.627331	0.752174	0.825926	0.94488	0.821002	0.957684	0.914592	0.985333	0.976587	1.056768	0.953178	1.104132	1.159227	1.115705	1.084285	1.048455	0.990355	0.936685	1.03309	0.982273	0.833336	0.692652	0.71379	0.803415	0.812071	0.867972	0.971923	1.092116	1.278462	1.228066	0.990341	0.881398	0.676672
1.739799	2.388152	2.504624	2.78735	2.63825	3.143493	4.093046	3.421517	2.779183	2.513957	2.320195	2.26463	2.249534	1.460983	2.013191	2.12121	2.230296	2.158044	1.846902	2.02007	1.835939	1.788099	1.803229	1.774187	1.75083	1.742754	1.789791	1.757498	1.773016	1.762393	1.627181	1.816165	1.856392	1.919804	1.56087	1.797496	1.885234	1.659054	1.737039	1.683614	1.708352	1.754726	1.580552	1.658007	1.689946	1.695129	1.788696	1.732567	1.36389	1.106419	1.120767	1.706694	1.736081	1.744484	1.751741	1.520585	0.959215	1.08027	0.989374	1.396411	1.032515	1.347802	1.262729	1.338421	1.116527	1.508381	1.03977	1.279382	1.180363	0.72315	1.09698	1.04769	0.66131	0.506821	0.693238	0.887076	0.954279	0.695929	1.026431	0.536513	0.558653	0.537127	0.564978	0.542933	0.864232	0.913826	0.737806	1.006749	0.550295	0.956594	1.024127	1.005709	1.1447	1.175997	0.927363	0.902392	0.620813	0.683615	0.465381	0.567294	1.077708	0.85881	0.515086	0.380247	0.472902	0.342289	0.398618	0.461814	0.668552	1.221824	1.325979	1.136216	1.144505	1.236589	1.07199	0.878221	0.913069	1.168253	0.896954	0.783686	0.983425	1.207413	0	0	0	0	0	0	0	0	0	0	0	0	0	0	0	0	0	0	0	0	0.521314	0.753688	0.946249	1.253711	0.945265	0.996427	0.834154	1.095175	1.257969	1.289563	1.010462	1.267729	1.248628	1.257897	1.273564	0.953049	0.75387	0.858886	1.143508	1.160349	0.977873	0.593419	0.703795	1.000673	0.982126	1.133214	0.971117	0.836108	0.573094	0.83514	0.802643	0.980644	1.103435	0.982851	0.7302	0.587868	0.797681	1.063108	1.126329	1.058589	1.116047	1.046199	0.914935	0.93293	0.628539	0.580148	0.308874	0.400551	0.44596	0.638711	0.628634	0.79086	0.514859	0.558475	0.626855	0.85675	0.754849	0.45419	0.993782	1.304199	1.346849	1.316134	1.288933	1.336817	1.183473	1.212885	0.96626	0.745613	0.669606	1.028158	1.2253	1.141464	0.746043	0.525986	0.53875	0.491342	0.640139	0.650885	0.99544	0.701711	0.734681	1.148174	1.286775	1.126589	1.429722	1.359576	1.407832	1.368159	1.334686	1.263314	0.73015	0.946815	1.186415	1.290681	1.128959	0.692505	0.526182	0.505978	0.567022	0.990155	0.840254	0.919162	1.162001	1.363442	1.484533	1.048307	0.666066	0.949083
1.27752	2.029608	2.265781	2.390863	2.429627	2.576467	3.421517	3.902773	3.256712	2.597265	2.28081	2.159599	2.099718	1.715493	2.094218	2.029037	1.867552	1.926107	1.957983	1.820415	1.849426	1.715053	1.6626	1.683178	1.65151	1.649562	1.5595	1.619586	1.60397	1.655752	1.739108	1.675069	1.600752	1.706046	1.718187	1.668559	1.634476	1.770732	1.66849	1.576735	1.577076	1.687894	1.728116	1.501546	1.618225	1.507728	1.583464	1.629965	1.390863	1.094337	1.208405	1.605016	1.561509	1.600225	1.607623	1.366888	0.929763	1.059749	1.08291	1.217677	0.882286	1.239252	1.200788	1.260488	1.1934	1.325169	1.049948	1.119241	1.022792	0.615387	0.842666	0.779903	0.519632	0.736122	0.561934	0.775855	0.868114	0.670315	0.865859	0.474359	0.601512	0.564487	0.633404	0.558103	0.873854	0.787039	0.472268	0.915088	0.609941	0.864108	0.931509	0.979644	1.064892	1.035036	0.943985	0.840006	0.439985	0.554672	0.523067	0.55958	0.90948	0.748543	0.532967	0.412748	0.342437	0.39058	0.496173	0.588789	0.712913	0.953783	1.125149	1.148668	1.145596	1.08513	0.987759	1.009394	1.057989	1.053402	0.822397	0.778541	0.857233	1.103863	0	0	0	0	0	0	0	0	0	0	0	0	0	0	0	0	0	0	0	0	0.433107	0.7243	0.859962	1.034011	0.905151	0.88595	0.658961	0.878584	0.918886	0.965369	1.061715	1.051228	0.963417	0.997378	0.934943	0.855003	0.786217	0.729685	0.867808	0.920398	0.944219	0.52602	0.711082	0.878305	0.919532	1.006869	0.841686	0.70755	0.45821	0.748825	0.660366	0.890611	0.942213	0.939513	0.810313	0.549738	0.733101	0.932019	1.014161	1.039655	1.016727	0.968635	0.882821	0.788758	0.526005	0.436643	0.2184	0.278797	0.35705	0.220257	0.450552	0.496221	0.476854	0.398502	0.471881	0.652899	0.586358	0.454019	0.837266	1.150853	1.128928	1.254444	1.291542	1.224234	1.071329	1.065654	0.866186	0.787585	0.653405	0.910501	1.119499	0.957035	0.768871	0.391077	0.225374	0.288689	0.542357	0.31617	0.885111	0.500786	0.57332	0.813069	1.013885	1.024531	1.276029	1.258342	1.263163	1.347442	1.284573	1.112278	0.734042	0.837573	0.99358	1.078956	0.981867	0.68255	0.411085	0.468489	0.502798	0.728138	0.641448	0.658712	0.963036	1.408846	1.385838	0.878117	0.389874	0.512972
1.505631	2.143228	2.13559	2.09139	1.910718	2.023027	2.779183	3.256712	4.04428	3.374729	2.64485	2.400333	2.325131	1.362378	2.122463	2.20724	2.167074	2.081723	1.956582	1.938925	1.934492	1.880827	1.895437	1.893259	1.85495	1.826547	1.83657	1.804813	1.816447	1.85267	1.768317	1.822135	1.905558	1.830701	1.56345	1.756786	1.874492	1.806761	1.829001	1.826811	1.784002	1.83687	1.720996	1.773921	1.766566	1.771859	1.773889	1.729025	1.329521	0.939467	1.041439	1.651228	1.711296	1.746834	1.699324	1.402083	0.765955	1.097075	1.063147	1.404597	0.989548	1.408647	1.280972	1.344124	1.113365	1.52782	1.042011	1.262512	1.226704	0.635585	1.161116	0.879906	0.476775	0.511099	0.598329	0.864023	0.846507	0.736421	1.018065	0.517518	0.659833	0.418333	0.620478	0.535886	0.782396	1.025845	0.645594	1.057381	0.714259	0.8781	1.044343	1.04932	1.311005	1.284069	1.110672	0.9105	0.462985	0.510285	0.340577	0.608756	1.010546	0.809875	0.496363	0.399208	0.227867	0.534814	0.405023	0.39999	0.734898	1.255629	1.362483	1.242436	1.215359	1.260204	1.138429	1.117568	1.081223	1.223323	0.959463	0.747559	1.02414	1.131412	0	0	0	0	0	0	0	0	0	0	0	0	0	0	0	0	0	0	0	0	0.368379	0.718514	1.051493	1.236251	1.076029	1.068955	0.753179	1.066954	1.292652	1.254895	1.12055	1.298128	1.285187	1.232064	1.252006	0.954258	0.891119	0.800744	1.158087	1.122388	0.965587	0.60682	0.692973	1.103654	1.107236	1.200963	0.959808	0.792659	0.437432	0.800205	0.750563	1.037968	1.128065	0.946457	0.759566	0.40776	0.753891	1.091546	1.182999	1.121739	1.125781	0.970188	0.891876	0.91802	0.586459	0.360857	0.349246	0.415048	0.439576	0.573512	0.627207	0.614165	0.53306	0.390395	0.662131	0.807715	0.665771	0.509233	0.989208	1.299607	1.392548	1.436958	1.436911	1.479505	1.295501	1.257268	0.879756	0.795082	0.699424	1.058399	1.219703	1.003987	0.72992	0.366565	0.570297	0.408376	0.688071	0.472439	0.909498	0.574247	0.695895	0.96347	1.173371	1.158018	1.412655	1.432713	1.391449	1.391255	1.341511	1.246569	0.696999	0.998331	1.159283	1.195351	0.958469	0.568141	0.325673	0.445552	0.507642	0.870957	0.762947	0.744768	1.082424	1.251624	1.257911	1.004331	0.422697	0.479258
1.542176	2.115893	2.07342	2.035784	1.792048	1.903623	2.513957	2.597265	3.374729	4.082512	3.508888	2.755116	2.411671	1.463231	2.034799	2.242481	2.25994	2.121505	1.853224	2.017368	1.994092	1.93382	1.921742	1.94923	1.888929	1.899812	1.922377	1.922025	1.927517	1.88072	1.770127	1.895562	1.928772	1.836515	1.540589	1.750301	1.86331	1.781092	1.845904	1.799867	1.842794	1.845	1.715204	1.801057	1.899916	1.811971	1.775609	1.710552	1.312778	1.020179	1.078141	1.613338	1.689285	1.705887	1.669811	1.355307	0.746197	0.980187	1.001538	1.257134	0.916367	1.268831	1.262006	1.361167	1.075446	1.393352	1.043152	1.26043	1.134469	0.754377	1.078748	0.912366	0.580854	0.633856	0.469968	0.682963	0.877944	0.793133	1.018237	0.665533	0.411124	0.580627	0.735329	0.402584	0.839508	0.96911	0.91349	0.928284	0.535468	0.892184	1.085547	1.145863	1.271114	1.202917	1.009296	0.884744	0.436862	0.486099	0.348077	0.408732	1.054785	0.835516	0.436897	0.191382	0.459441	0.497501	0.547908	0.537976	0.66937	1.250952	1.352711	1.223102	1.162964	1.361342	1.131225	1.005919	1.012153	1.203689	0.932576	0.769028	1.047363	1.113108	0	0	0	0	0	0	0	0	0	0	0	0	0	0	0	0	0	0	0	0	0.369286	0.61736	1.051013	1.272158	1.006831	1.121802	0.763637	1.099595	1.313811	1.280107	1.062153	1.209624	1.349464	1.4091	1.296763	0.934548	0.812329	0.844881	1.136983	1.18062	1.033652	0.541906	0.656979	0.889736	1.001568	1.206681	0.943019	0.891582	0.532801	0.783951	0.782257	1.013773	1.106844	0.834882	0.695944	0.534431	0.786861	1.046741	1.090232	1.103692	1.109163	0.95092	0.839731	0.918374	0.431424	0.457423	0.306176	0.41748	0.285403	0.633274	0.586181	0.612635	0.458534	0.420094	0.604418	0.72701	0.66871	0.542426	0.816181	1.243272	1.41409	1.458744	1.446404	1.440116	1.242015	1.19941	0.852584	0.756713	0.640409	0.930758	1.130357	0.932077	0.806973	0.429212	0.334946	0.420265	0.625777	0.491518	0.834193	0.472787	0.70489	0.976194	1.096027	1.138026	1.410146	1.405315	1.4645	1.414437	1.289858	1.213315	0.721084	0.797568	1.125208	1.134449	1.029636	0.562368	0.547549	0.545949	0.614218	0.840177	0.708081	0.715988	0.959218	1.218376	1.237345	0.923955	0.496583	0.572251
1.558731	2.042635	1.945241	1.952873	1.765894	1.795937	2.320195	2.28081	2.64485	3.508888	4.070973	3.3747	2.561692	1.608264	2.184003	2.3033	2.320087	2.078235	1.938965	2.031306	1.993616	1.97342	1.9509	1.961927	1.951224	1.945165	1.920463	1.924185	1.949232	1.855981	1.743687	1.895986	1.907399	1.830171	1.546355	1.725989	1.867392	1.76046	1.839589	1.846061	1.859735	1.848195	1.689369	1.764167	1.857412	1.825034	1.742498	1.562859	1.192076	0.920409	1.078562	1.575009	1.681353	1.668444	1.609021	1.298185	0.777285	0.920776	0.994439	1.186908	0.896211	1.233753	1.194696	1.281443	1.022664	1.388107	1.092927	1.149899	1.080273	0.685578	1.028776	0.961532	0.448956	0.536848	0.522483	0.909235	0.864284	0.707314	0.961269	0.540914	0.467166	0.340699	0.581029	0.424261	0.87299	0.987994	0.656979	0.986395	0.721381	0.920148	0.983086	1.003545	1.270964	1.269522	1.021324	0.864703	0.307816	0.65063	0.389383	0.502219	1.024853	0.887765	0.470913	0.176096	0.218051	0.299096	0.398608	0.4468	0.749017	1.243411	1.348808	1.261839	1.153068	1.374351	1.123359	1.023633	1.001828	1.241219	0.907416	0.726957	0.9427	1.080112	0	0	0	0	0	0	0	0	0	0	0	0	0	0	0	0	0	0	0	0	0.310859	0.638736	1.079047	1.272509	1.07661	0.985266	0.83315	1.047473	1.359186	1.321973	1.014837	1.213181	1.326863	1.40613	1.287745	0.885106	0.824887	0.650161	1.175148	1.182783	1.003651	0.592792	0.642909	0.918968	1.052499	1.148419	1.094521	0.814121	0.586669	0.759599	0.81764	1.011928	1.062816	0.848192	0.776429	0.521624	0.6856	0.977787	1.092146	0.952778	1.079749	0.849588	0.893869	0.939526	0.641841	0.477982	0.268183	0.373001	0.372454	0.578027	0.639463	0.603635	0.419312	0.439693	0.547542	0.65438	0.652665	0.490143	0.887532	1.25203	1.440032	1.449047	1.435975	1.451895	1.211297	1.155559	0.795324	0.757506	0.452869	0.959083	1.177132	0.96211	0.675406	0.382161	0.399104	0.360333	0.432554	0.60051	0.858131	0.531255	0.670892	0.89812	1.145973	1.011719	1.378785	1.411164	1.394567	1.259664	1.213335	1.066593	0.823631	0.844085	1.120338	1.170302	0.915204	0.540392	0.401355	0.380475	0.449945	0.758796	0.627828	0.702982	0.955852	1.085126	1.16959	0.940166	0.532266	0.377545
1.634721	2.104928	1.944064	1.931458	1.798331	1.828289	2.26463	2.159599	2.400333	2.755116	3.3747	4.120489	3.334198	1.864981	2.300376	2.411686	2.445326	2.180402	1.938565	2.079774	1.969828	1.981289	1.983257	1.978292	1.921582	1.929761	1.982984	1.955452	1.956518	1.804339	1.639925	1.87116	1.947576	1.828871	1.412951	1.637591	1.843319	1.618819	1.770967	1.756516	1.842673	1.749974	1.651898	1.783523	1.842717	1.801765	1.774865	1.486337	1.134757	0.897132	1.021229	1.445177	1.621238	1.611855	1.542788	1.240696	0.913285	0.867709	0.986805	1.173525	0.758029	1.125429	1.124308	1.211692	0.951442	1.321334	0.96349	1.038007	0.987279	0.656251	0.985818	0.924684	0.545045	0.354244	0.656624	0.842178	0.815722	0.736461	0.900127	0.394442	0.35887	0.444435	0.686494	0.504231	0.844158	0.864113	0.70449	0.836733	0.665608	0.904431	0.899384	0.935543	1.15632	1.180178	0.912424	0.86194	0.332744	0.554204	0.573333	0.50237	0.967619	0.760152	0.425691	0.396172	0.372124	0.199956	0.395992	0.468736	0.659072	1.240978	1.312098	1.194123	1.147623	1.294216	1.088075	0.96947	0.953089	1.070536	0.734091	0.642792	0.817172	1.099464	0	0	0	0	0	0	0	0	0	0	0	0	0	0	0	0	0	0	0	0	0.342827	0.6423	1.020314	1.30634	1.031754	0.968118	0.763	1.110239	1.418101	1.334097	0.937082	1.277668	1.383525	1.498955	1.376346	0.87812	0.728667	0.626702	1.088023	1.172656	0.961848	0.546834	0.548182	0.90758	0.892126	1.109679	0.863486	0.724442	0.49734	0.731123	0.75037	0.989404	0.917606	0.777401	0.657713	0.547786	0.695597	0.98377	1.061888	0.803246	1.073067	0.936559	0.840123	0.781757	0.627266	0.397437	0.375165	0.380479	0.370136	0.529041	0.563736	0.430455	0.423537	0.437066	0.514845	0.721165	0.572481	0.507633	0.837171	1.170739	1.376141	1.342222	1.341393	1.343785	1.185834	1.112192	0.745919	0.646797	0.676372	0.817196	1.010151	0.932339	0.615247	0.452067	0.383958	0.556674	0.541021	0.471777	0.801523	0.542675	0.694658	0.841801	1.032298	0.935412	1.327886	1.312182	1.34101	1.152208	1.152706	1.009097	0.637143	0.740138	1.11873	1.079057	0.951369	0.490178	0.336871	0.500154	0.541043	0.76016	0.664939	0.744432	0.847216	1.018295	1.10872	0.90006	0.557357	0.485238
1.477423	1.998449	1.924733	1.929621	1.813142	1.865925	2.249534	2.099718	2.325131	2.411671	2.561692	3.334198	4.093767	2.64654	2.790955	2.744807	2.561234	2.238331	2.090542	2.164853	2.04492	2.01285	1.991874	1.953278	1.944389	1.96059	2.03133	1.956563	1.883008	1.829123	1.761579	1.895995	1.917909	1.884872	1.628243	1.748675	1.841228	1.714168	1.80574	1.747987	1.815375	1.775499	1.640395	1.736106	1.724744	1.725857	1.748906	1.567218	1.177847	0.983229	1.102874	1.43156	1.599541	1.660682	1.601496	1.34046	0.914916	1.011684	0.982285	1.163093	0.814524	1.181261	1.16695	1.247593	1.163398	1.341695	1.006549	1.160441	1.05962	0.638977	0.942382	0.814045	0.571525	0.559253	0.589804	0.740007	0.850279	0.742997	0.934301	0.46953	0.575127	0.572303	0.556826	0.496939	0.798117	0.926789	0.733216	0.993216	0.637908	0.880204	0.963501	0.913055	1.132598	1.176793	0.926614	0.76752	0.447126	0.618025	0.365032	0.576459	1.028701	0.84356	0.423919	0.309284	0.339944	0.495329	0.448612	0.498549	0.582175	1.240234	1.314124	1.257637	1.190694	1.318926	1.125003	0.954958	1.021631	1.168064	0.887896	0.64591	0.904147	1.136129	0	0	0	0	0	0	0	0	0	0	0	0	0	0	0	0	0	0	0	0	0.664781	0.832466	1.048659	1.303529	1.061145	1.036996	0.817278	1.073692	1.355389	1.384702	1.180957	1.348684	1.364542	1.374949	1.347074	0.980719	0.891622	0.841643	1.126408	1.160584	0.908953	0.583889	0.653098	0.934586	0.944913	1.167436	0.924894	0.781944	0.604699	0.774643	0.8421	0.900053	0.957797	0.851105	0.770429	0.486091	0.790065	1.07287	1.067319	0.958998	1.176395	0.990163	0.885928	0.844941	0.712045	0.500829	0.146498	0.303024	0.249837	0.600319	0.602002	0.411348	0.446397	0.351473	0.598449	0.58631	0.587661	0.472606	0.852593	1.162329	1.320689	1.318372	1.345098	1.327306	1.082282	1.063353	0.786052	0.623116	0.643375	0.951843	1.029588	0.838726	0.642666	0.587854	0.341983	0.557515	0.390485	0.605561	0.746452	0.619492	0.724028	0.829769	0.971919	0.959196	1.301372	1.23312	1.284285	1.196604	1.159865	1.059063	0.519663	0.817596	1.161047	1.058591	0.894243	0.675541	0.507777	0.526169	0.582134	0.677968	0.585546	0.619377	0.847566	1.049936	1.045954	0.78056	0.557085	0.556708
0.466766	0.999699	1.372754	1.372897	1.601141	1.643862	1.460983	1.715493	1.362378	1.463231	1.608264	1.864981	2.64654	3.13019	2.945827	2.433449	1.681063	1.657912	1.871547	1.516629	1.544571	1.122042	1.173878	1.253767	1.129671	1.101948	0.999245	0.943205	0.996242	1.31849	1.555132	1.212821	1.13414	1.297905	1.488052	1.362343	1.027505	1.505262	1.262792	1.090598	0.84428	1.308544	1.486903	1.116869	1.209183	1.082199	0.989155	1.219303	1.067045	0.83531	1.007443	1.004061	0.902442	1.024655	1.121227	0.993434	0.688544	0.791564	0.801746	0.755851	0.579705	0.796443	0.819699	0.994262	1.031492	0.894445	0.646621	0.784824	0.670176	0.211712	0.545342	0.45134	0.315169	0.433323	0.289116	0.398444	0.453938	0.473511	0.638727	0.294138	0.229203	0.25042	0.440117	0.419591	0.486631	0.491113	0.452619	0.662937	0.469665	0.439897	0.712179	0.589143	0.687486	0.693701	0.674877	0.612588	0.17639	0.16293	0.084942	0.285889	0.484666	0.361766	0.240458	0.084401	0.143456	0.250165	0.146246	0.229163	0.332665	0.656988	0.805536	0.968583	0.917791	0.812844	0.849364	0.828154	0.909019	0.75647	0.602953	0.637454	0.821698	0.772065	0	0	0	0	0	0	0	0	0	0	0	0	0	0	0	0	0	0	0	0	0.142485	0.10788	0.507418	0.718911	0.66185	0.741495	0.388347	0.652014	0.658717	0.708505	1.11659	0.873041	0.672679	0.721581	0.624378	0.696876	0.595102	0.673391	0.624724	0.595688	0.543827	0.327938	0.306783	0.529944	0.541775	0.734113	0.563051	0.420618	0.181237	0.440401	0.353596	0.437165	0.704339	0.580603	0.500266	0.281668	0.395078	0.45729	0.472294	0.867988	0.813354	0.779164	0.607221	0.362767	0.240574	0.051372	0.154244	0.08215	0.127651	0.203508	0.135394	0.23912	0.129867	0.127827	0.164978	0.204649	0.129566	0.314073	0.552519	0.664844	0.870927	0.983445	0.808907	0.81989	0.698047	0.531736	0.433251	0.279355	0.314816	0.441782	0.490831	0.44094	0.331223	0.239315	0.094743	0.006959	0.242244	0.135616	0.439588	0.324986	0.210218	0.4232	0.579879	0.584618	0.887304	0.90727	0.831796	0.970789	0.937466	0.654368	0.688184	0.431226	0.793421	0.624785	0.519457	0.424833	0.209	0.180374	0.300326	0.33143	0.388084	0.403693	0.627206	0.947627	0.798058	0.37997	0.279388	0.044613
1.099272	1.683337	1.757716	1.80083	2.062455	1.948985	2.013191	2.094218	2.122463	2.034799	2.184003	2.300376	2.790955	2.945827	3.887114	3.5381	2.50458	2.254768	2.247715	2.095831	2.031672	1.801614	1.820519	1.775499	1.808578	1.794129	1.700818	1.630238	1.628058	1.755392	1.90511	1.778855	1.69663	1.802494	1.935876	1.703565	1.654525	1.73719	1.628424	1.608023	1.586484	1.731922	1.741283	1.561527	1.622488	1.520462	1.535454	1.511344	1.33063	1.124784	1.143509	1.465867	1.518652	1.607119	1.621212	1.418766	0.973125	1.078108	1.072347	1.233937	1.012586	1.040603	1.204415	1.277436	1.229894	1.270238	1.051764	1.119601	0.919622	0.673546	0.785937	0.789558	0.662265	0.787291	0.60139	0.766555	0.822471	0.750707	1.061866	0.615041	0.642855	0.653123	0.58966	0.657327	0.874515	0.967271	0.679159	0.927053	0.629566	0.851149	1.031402	1.008563	1.103499	1.125181	0.985704	0.774463	0.38763	0.59447	0.475782	0.378704	0.882306	0.851252	0.522378	0.14685	0.468731	0.590447	0.475951	0.417061	0.722992	1.013914	1.083469	1.189617	1.275756	1.15063	1.105838	1.066533	1.092349	1.044509	0.83549	0.711525	0.944549	1.235109	0	0	0	0	0	0	0	0	0	0	0	0	0	0	0	0	0	0	0	0	0.550803	0.656787	0.998174	1.079551	1.027205	1.014215	0.949518	0.997408	1.009251	1.116772	1.203546	1.17553	0.981943	1.083234	1.033425	0.975803	0.797694	0.795945	0.947459	0.933898	0.791394	0.685895	0.591918	0.802544	0.895525	0.999243	0.809503	0.809886	0.621465	0.672853	0.828252	0.791819	0.953844	0.888702	0.678052	0.563564	0.750362	0.990323	1.014182	1.076259	0.98141	1.045982	0.98355	0.751461	0.364167	0.389601	0.441226	0.281287	0.424785	0.462059	0.598706	0.540791	0.553982	0.463768	0.540792	0.666189	0.507633	0.413146	0.870061	0.988108	1.223314	1.265599	1.209598	1.12311	1.014743	0.847777	0.833539	0.508609	0.546253	0.773322	0.979949	0.859528	0.802582	0.43293	0.412744	0.508652	0.601374	0.65392	0.795229	0.540151	0.610985	0.72116	0.959717	0.964965	1.158558	1.170879	1.133666	1.157277	1.113448	0.967216	0.638828	0.738095	1.047976	1.032413	0.883473	0.655484	0.495714	0.306894	0.496824	0.528636	0.557462	0.721233	0.846384	1.155543	1.087855	0.677353	0.460142	0.359105
1.393713	1.902251	1.849927	1.900767	1.816502	1.828834	2.12121	2.029037	2.20724	2.242481	2.3033	2.411686	2.744807	2.433449	3.5381	4.072496	3.398844	2.493741	2.249276	2.229718	2.140507	2.079463	2.062226	2.065779	1.956895	2.001984	1.985121	2.010195	1.979384	1.940836	1.865416	1.944853	1.916437	1.9756	1.627025	1.789511	1.880071	1.74078	1.799057	1.752382	1.763578	1.821831	1.671	1.684412	1.737291	1.675767	1.720691	1.584338	1.309782	0.971159	1.158416	1.545086	1.627726	1.645519	1.620252	1.307336	0.851672	1.065024	0.97501	1.20364	0.907286	1.239086	1.135163	1.270149	1.062221	1.343018	1.040407	1.252377	1.0998	0.496386	0.887032	0.730799	0.457501	0.578304	0.533676	0.829123	0.792476	0.738853	0.995742	0.557158	0.421499	0.612026	0.624894	0.500484	0.792128	0.947379	0.654138	0.948241	0.578986	0.941995	1.052704	1.102407	1.235864	1.201625	0.967619	0.828158	0.420058	0.603232	0.479626	0.436883	1.023951	0.819373	0.414162	0.250625	0.623926	0.395862	0.399064	0.475611	0.468142	1.209927	1.367764	1.205402	1.252872	1.33369	1.217859	1.030736	0.998888	1.168315	0.899215	0.770966	0.989872	1.134812	0	0	0	0	0	0	0	0	0	0	0	0	0	0	0	0	0	0	0	0	0.386954	0.78965	1.024387	1.281592	1.070309	1.029224	0.957398	1.08424	1.302703	1.275123	1.182306	1.304571	1.248202	1.307227	1.258653	0.996552	0.752964	0.88696	1.083851	1.155089	0.971385	0.559326	0.697641	0.974409	0.929941	1.085289	0.881585	0.751016	0.539349	0.772535	0.800406	0.933653	0.992067	0.847536	0.678597	0.449444	0.82828	0.961139	1.032209	1.047079	1.054361	0.964531	0.905527	0.770741	0.641685	0.464636	0.401428	0.42381	0.37611	0.445544	0.652625	0.571539	0.282313	0.603099	0.699278	0.775007	0.557508	0.573234	0.845933	1.146554	1.284824	1.340105	1.322247	1.30327	1.105517	1.018456	0.791172	0.584437	0.595831	0.844797	1.068006	0.88662	0.695256	0.450939	0.288729	0.453516	0.572729	0.408445	0.808521	0.478962	0.532748	0.87166	1.002509	0.885857	1.248103	1.220828	1.247018	1.19625	1.162337	1.025315	0.640192	0.808676	1.227321	1.135305	0.867535	0.565671	0.524792	0.448546	0.525829	0.765064	0.678392	0.55742	0.962284	1.122509	1.18001	0.74984	0.452889	0.688119
1.684887	2.144426	1.833459	1.828424	1.679599	1.743723	2.230296	1.867552	2.167074	2.25994	2.320087	2.445326	2.561234	1.681063	2.50458	3.398844	4.174496	3.431874	2.313487	2.474699	2.291907	2.440594	2.245725	2.227476	2.125226	2.143752	2.321685	2.269132	2.314935	2.014193	1.835112	2.113653	2.210344	2.065083	1.541229	1.806413	2.11338	1.688972	1.876846	1.919974	1.998238	1.907078	1.631431	1.873058	1.877154	1.92139	1.971914	1.643702	1.172134	0.961504	1.021666	1.627569	1.720463	1.689321	1.589279	1.316967	0.918165	0.899182	0.948324	1.23896	0.873825	1.349137	1.164606	1.264509	1.03684	1.536722	1.09217	1.371103	1.201555	0.667323	1.201324	1.028663	0.669264	0.624119	0.728706	0.839348	0.949447	0.859171	1.081895	0.58076	0.669468	0.475258	0.564915	0.519778	0.845897	1.045808	0.762842	1.004381	0.740488	0.959314	1.135882	1.10276	1.387504	1.403243	1.062733	0.993011	0.443957	0.673698	0.366501	0.530202	1.204354	0.899847	0.434434	0.523961	0.458083	0.415323	0.433487	0.514765	0.766587	1.401035	1.504474	1.240216	1.259114	1.41357	1.288555	1.123859	1.069109	1.318348	0.996136	0.740553	1.156483	1.215484	0	0	0	0	0	0	0	0	0	0	0	0	0	0	0	0	0	0	0	0	0.363623	1.007839	1.411442	1.837396	1.535747	1.145908	1.486706	1.554092	1.549299	1.454644	1.05801	1.42531	1.500665	1.613656	1.498191	0.951157	0.895846	0.815414	1.269027	1.320785	0.950612	0.698427	0.775376	0.97049	0.953955	1.236066	1.02795	0.918724	0.634665	0.786817	0.817533	1.073447	1.057901	0.85699	0.709776	0.41924	0.726447	0.993317	1.110002	0.961689	1.15813	0.964886	0.787387	0.839182	0.633951	0.356541	0.478676	0.298985	0.373714	0.423179	0.677177	0.711339	0.50985	0.437465	0.581765	0.790766	0.710949	0.557074	0.887108	1.231878	1.459775	1.361676	1.427933	1.430129	1.213498	1.228511	0.853873	0.671555	0.593324	1.052221	1.114209	1.026085	0.764922	0.541774	0.627087	0.522951	0.542057	0.571577	1.000603	0.737896	0.672654	0.874828	1.15153	0.998232	1.378751	1.401534	1.393042	1.249633	1.1285	1.139307	0.705685	0.785641	2.1896	1.253937	0.900239	0.689574	0.705336	0.437816	0.571484	0.817083	0.753247	0.713911	0.953148	1.009655	1.108127	0.954165	0.432748	0.458699
1.419555	1.835108	1.794571	1.771634	1.652268	1.685361	2.158044	1.926107	2.081723	2.121505	2.078235	2.180402	2.238331	1.657912	2.254768	2.493741	3.431874	4.015637	3.295024	2.932776	2.582454	2.349247	2.258125	2.185411	2.089593	2.083539	2.072706	2.00424	1.998615	1.981783	1.904253	1.988995	1.939371	1.925081	1.650081	1.767338	1.868639	1.790481	1.789165	1.780769	1.796174	1.818189	1.679044	1.746806	1.791151	1.730536	1.689711	1.501939	1.196276	0.962263	1.107887	1.482276	1.608205	1.550402	1.56367	1.223107	0.829302	1.005534	0.920139	1.14682	0.881636	1.139752	1.133573	1.142462	0.996248	1.298717	1.013201	1.165208	1.025359	0.693501	0.943143	0.783485	0.629324	0.55994	0.579679	0.744135	0.806817	0.784099	0.89899	0.580697	0.523832	0.473561	0.648979	0.575324	0.795262	0.965507	0.760639	0.911557	0.650907	0.940008	1.026052	1.023692	1.176371	1.202127	0.959914	0.754626	0.424712	0.529828	0.467041	0.555232	1.04809	0.762222	0.226361	0.263469	0.502271	0.458845	0.593515	0.398531	0.664614	1.124563	1.318663	1.160409	1.218735	1.302077	1.130275	0.970032	1.011554	1.170666	0.829457	0.743737	0.960183	1.178723	0	0	0	0	0	0	0	0	0	0	0	0	0	0	0	0	0	0	0	0	0.546057	0.974718	1.278707	1.588348	1.326214	1.089346	1.13747	1.42541	1.351779	1.281	1.063582	1.235181	1.242236	1.369052	1.267147	0.849761	0.704655	0.681807	1.074861	1.067748	0.832937	0.508373	0.583245	0.898927	0.864928	1.126238	0.866923	0.782263	0.514516	0.727907	0.747405	0.966032	0.907561	0.771853	0.690221	0.562488	0.738937	0.970498	0.992686	0.937097	1.021128	0.911596	0.848421	0.710528	0.634657	0.391197	0.105188	0.330588	0.380763	0.443657	0.524242	0.57624	0.379131	0.523354	0.555358	0.636591	0.567857	0.382726	0.845281	1.076589	1.251332	1.21904	1.32259	1.274838	1.087711	1.038312	0.702681	0.538337	0.674669	0.807698	0.983374	0.865134	0.611344	0.508014	0.284763	0.36352	0.45326	0.490889	0.770247	0.680536	0.556053	0.804397	0.991783	0.980983	1.221406	1.208938	1.264433	1.176975	1.047351	1.018257	0.491687	0.748232	2.349035	1.271372	0.857452	0.65928	0.313007	0.485179	0.603123	0.70183	0.722487	0.602603	0.879887	1.144854	1.130404	0.774591	0.409634	0.149833
1.038791	1.610185	1.774722	1.787101	1.998452	1.987977	1.846902	1.957983	1.956582	1.853224	1.938965	1.938565	2.090542	1.871547	2.247715	2.249276	2.313487	3.295024	3.918328	3.338805	2.806138	2.250059	2.187775	2.114557	2.030371	1.908609	1.81037	1.692131	1.734966	1.891418	2.219401	1.815382	1.716108	1.800636	1.992013	1.71785	1.688183	2.008559	1.702092	1.588052	1.595181	1.723655	1.810666	1.582574	1.687883	1.53247	1.474927	1.410498	1.25794	1.101759	1.114607	1.404776	1.447488	1.51887	1.554099	1.312925	0.896066	0.930596	0.970305	1.121425	0.915082	1.061184	1.081147	1.158958	1.155847	1.237198	0.993511	1.078859	0.943308	0.467842	0.805034	0.759474	0.677393	0.494865	0.603116	0.622994	0.746149	0.612519	0.905132	0.632253	0.472362	0.452139	0.493883	0.519388	0.713135	0.796968	0.746327	0.800115	0.729761	0.778271	0.91619	0.804481	1.024209	1.071144	1.016125	0.901814	0.416742	0.485415	0.448783	0.392798	0.82842	0.683414	0.493602	0.263168	0.309205	0.397813	0.515823	0.484456	0.516505	0.875407	1.080909	1.226544	1.259122	1.129307	0.985893	0.944344	0.940201	0.895652	0.754925	0.754694	0.831643	1.212153	0	0	0	0	0	0	0	0	0	0	0	0	0	0	0	0	0	0	0	0	0.4435	0.674796	0.787552	1.064302	1.015281	0.952063	0.686772	0.872594	1.036205	0.960227	1.127058	1.136331	1.033538	1.059177	0.936079	0.828209	0.75049	0.669952	0.858308	0.80064	0.750287	0.548116	0.657957	0.7418	0.747602	0.960847	0.804013	0.738942	0.466502	0.614035	0.738162	0.75646	0.792558	0.793349	0.497539	0.415732	0.62943	0.941636	0.917488	1.029523	0.961395	1.018131	0.895895	0.673832	0.515466	0.357838	0.178276	0.318706	0.211361	0.272327	0.324986	0.403011	0.300663	0.241082	0.479694	0.441587	0.461091	0.432946	0.828185	1.03885	1.144238	1.262276	1.18198	1.104447	0.989376	0.849412	0.649794	0.643473	0.496102	0.836112	0.927724	0.689623	0.558074	0.280893	0.281212	0.147626	0.471925	0.431914	0.610366	0.432618	0.542154	0.662114	0.957942	0.919595	1.044213	1.104653	1.068721	1.105877	1.067805	0.866143	0.551075	0.652298	1.074913	0.933884	0.732377	0.389865	0.38549	0.38386	0.341686	0.472235	0.506191	0.571535	0.773011	1.210073	1.125569	0.592369	0.432797	0.060114
