4653.020156	1935.053641	163.285116	94.490276	54.908044	65.192511	119.224496	74.479581	103.286566	81.138574	59.503018	76.51653	50.157102	13.613086	39.816932	47.209601	75.613159	60.739062	23.787006	48.759776	50.464173	38.384119	30.35527	39.290494	33.343232	37.069365	45.481258	51.724265	45.749738	31.837072	25.545564	25.222437	47.659763	44.686213	29.595313	31.34423	43.736852	22.506642	39.002475	25.708141	15.374705	25.728391	20.020733	30.44298	28.382258	25.348267	33.533137	23.333135	9.985322	6.662645	4.583569	9.76893	19.165503	27.694805	16.022257	24.5199	6.916292	10.055457	12.74466	11.746295	10.500743	4.108831	6.29682	7.717859	10.438098	10.039107	4.594044	4.688716	7.926983	4.657091	11.892187	1.939712	5.810797	3.629325	9.781657	7.287209	8.909739	5.237192	9.292873	5.680912	1.682947	8.307989	2.866991	4.691502	1.775137	7.925171	9.815754	8.599941	2.583191	10.32773	6.489873	4.856371	9.951505	6.201139	6.340765	7.023832	0	2.92668	5.412601	6.208656	5.80893	4.162236	5.50293	5.773015	2.44176	5.39987	10.036117	4.356672	1.690967	8.791914	18.187828	9.822313	7.081092	8.424612	10.463116	3.953049	6.787643	7.21466	5.281584	6.380306	3.886776	18.703915	0	0	0	0	0	0	0	0	0	0	0	0	0	0	0	0	0	0	0	0	3.237897	6.273496	8.511408	13.016064	4.026117	9.215294	8.398748	1.686673	15.503049	14.533251	8.105232	13.062047	25.901285	25.328541	36.829919	13.455082	6.081568	10.1585	9.104181	16.5269	5.014846	8.710932	4.204269	3.313001	2.154799	11.508959	13.357462	10.492764	6.513721	3.464879	10.659347	8.98942	4.96929	9.44962	7.918277	4.912991	6.455914	14.434247	12.285093	7.83795	11.79222	11.876417	10.347529	11.787186	6.454828	1.968962	1.952921	3.426829	0	1.952343	6.438914	1.987116	0	4.937684	1.957245	0	3.479926	12.332603	7.694483	10.462199	15.843974	23.076895	14.787153	19.381959	11.816017	9.787503	6.269726	12.315831	9.422404	10.159096	16.957246	9.315706	4.869664	1.984243	3.464382	3.466483	3.472968	4.96559	7.900277	7.929134	10.861562	18.427878	85.821404	13.797189	14.9545	15.272837	5.762014	15.492157	9.959656	15.407027	9.212819	19.395898	16.97902	15.871505	30.729286	9.453169	0	0	3.435037	4.963205	12.270718	15.940042	19.771475	12.058325	24.208892	15.63908	29.179721	23.045014
1935.053641	22860.107535	2327.122194	877.51244	393.14707	359.843818	624.394232	289.382075	303.539894	353.050923	242.555614	330.925497	274.317442	40.909051	138.40445	189.931987	371.812436	194.305794	125.438165	238.243047	150.918345	142.147319	122.892003	133.672825	85.649189	115.479551	151.411874	161.930343	208.452108	104.994798	78.251682	151.130155	229.003298	188.930834	57.840447	112.962933	187.751989	82.434079	139.37976	106.161334	121.892625	102.833376	76.082469	149.754444	126.922787	153.907219	204.290788	69.173504	24.029382	25.461357	16.458353	45.509193	70.848935	70.427308	59.549096	47.785532	15.085797	17.742124	16.840725	36.023703	13.45453	11.792167	10.936427	27.842	13.505019	18.475397	17.768393	34.581126	16.609848	4.19346	15.186178	7.147378	4.879998	2.921591	6.3444	5.967972	10.33049	6.297491	25.836457	6.885825	8.414023	3.640071	4.431599	3.286258	14.097001	14.984635	6.010376	14.569269	7.9042	10.048024	18.843284	10.089913	12.462575	27.032225	14.816583	8.745096	5.415453	6.675339	6.654689	9.926943	19.57907	15.631567	6.527879	6.635372	3.383477	7.448888	1.90943	6.306744	8.639702	43.594647	68.843587	41.567071	29.316658	23.969456	16.460964	17.715984	18.316623	24.063494	9.311695	14.308735	12.655135	39.349496	0	0	0	0	0	0	0	0	0	0	0	0	0	0	0	0	0	0	0	0	1.494775	2.930265	16.631498	57.450702	10.762706	16.143828	6.243172	24.631171	95.594456	85.553848	20.509548	65.742023	58.889913	100.129781	84.519727	23.596073	11.506389	14.529744	36.648551	40.986731	16.307976	9.951877	3.140709	10.282044	6.820676	17.026065	10.088716	18.275949	9.384621	17.869965	16.232953	13.624175	15.068979	10.619796	12.197063	12.192285	10.681763	12.486167	23.13006	17.765282	20.433364	24.801584	14.05981	12.995147	4.512339	3.476432	1.987782	1.97783	3.475927	4.928115	7.657493	7.535682	3.443298	4.965076	4.974281	4.571595	14.33599	12.076626	25.959265	50.711701	86.710329	49.133963	54.866128	59.088885	50.861911	44.009558	23.242818	17.366787	22.781696	14.852577	50.754062	17.602007	12.38684	3.358359	0	4.841895	4.637801	10.290068	10.357851	11.72897	12.506461	9.75615	27.813044	15.821663	73.092335	33.658649	56.622672	35.14418	27.529987	24.813294	10.501993	15.281902	45.703268	58.749828	31.774815	4.926522	12.907641	0	5.936037	8.508624	8.602752	19.577667	20.685865	23.927207	56.759896	33.940537	21.03203	8.502101
163.285116	2327.122194	15982.776191	4442.401228	2220.306754	2063.431894	873.295232	689.443267	179.09636	128.775117	147.585287	297.475504	326.52497	99.33629	419.339982	433.514786	249.092503	373.155093	544.775308	309.725553	269.993049	78.172918	120.503338	92.186319	61.852651	50.024994	91.431861	40.821959	46.556336	99.817358	293.608168	176.719369	69.132312	114.808504	254.490315	102.781592	85.532596	223.745195	102.719596	57.738077	36.967195	66.190974	52.083754	85.394587	101.170461	58.802867	81.705562	146.813178	96.248029	70.634275	49.367713	37.225916	37.27474	61.36553	69.308023	46.28955	47.566177	38.256282	34.731798	30.026635	22.67131	34.818617	34.071872	22.803883	38.071729	27.931222	15.117941	22.721153	13.803873	10.342517	18.118797	9.491807	7.101964	7.998551	10.40118	9.501716	18.660019	7.093701	13.137348	8.48136	13.48569	7.231229	5.63408	7.036645	6.673089	10.936669	9.775823	12.774053	5.89792	8.388237	12.048586	11.42712	9.466532	12.840239	17.187746	13.981926	9.488076	12.345433	5.18328	4.525983	9.11667	9.079812	6.18621	2.819574	7.523222	5.075747	5.940935	5.878775	7.903675	23.262511	30.886573	27.951135	28.183105	15.60454	31.413564	28.847868	25.142822	18.019948	20.928964	12.704195	18.944333	156.59	0	0	0	0	0	0	0	0	0	0	0	0	0	0	0	0	0	0	0	0	6.942987	5.90199	20.239451	39.190278	7.610464	13.89737	7.927606	29.555969	14.62412	30.342419	32.911364	40.95777	27.058702	24.139273	32.602067	21.218574	18.96845	22.505918	18.757288	25.747493	18.425352	13.01821	13.877841	12.199689	11.665174	14.523818	9.384151	3.465946	10.885532	10.627204	8.643873	5.813704	7.057138	14.166462	9.602072	13.737368	13.81341	10.148068	12.060531	21.594122	14.158631	22.115196	8.075444	0	4.654241	3.48179	4.968385	0	6.441522	3.454774	4.747792	3.319165	7.963475	4.976324	6.425679	0	7.498304	10.643327	13.670022	41.548196	42.217896	34.44485	57.453866	40.297405	22.567085	20.298403	19.590757	11.596365	16.023035	15.896751	15.823434	13.377126	13.270702	15.127401	7.667089	7.768147	3.30636	12.851793	11.88332	11.150756	21.389975	14.729976	15.272377	21.409912	13.961257	49.242471	82.727576	45.204373	23.461505	31.04421	24.894588	23.017571	35.386235	17.088732	22.552137	14.620823	15.166188	11.588753	12.17684	12.683323	11.51001	7.309805	24.77196	33.950264	29.936296	20.903656	21.213853	3.19324
94.490276	877.51244	4442.401228	16251.838175	4291.710092	2538.138002	1382.682801	736.810414	213.083424	140.152007	159.061553	339.024817	423.559974	147.784712	479.663232	397.830777	229.100513	358.652819	544.538247	337.177059	223.469147	82.057346	132.057591	121.676879	49.913603	49.960463	58.1453	40.209644	55.41578	110.881757	315.621484	157.594807	65.088154	130.435559	254.416832	134.502117	87.279477	219.612576	117.784746	65.245379	32.387705	63.321077	60.138908	70.302689	102.66674	59.859571	76.301784	168.171089	132.019341	81.024545	64.984065	52.158769	41.617256	76.779399	76.60079	67.538003	59.19594	57.010403	49.845359	33.8059	35.661213	36.185267	33.518996	32.630308	29.03399	25.762857	20.137838	20.362733	34.253272	11.913209	18.522455	16.426589	8.720505	7.951514	11.977623	16.738276	13.962011	12.706276	14.832017	7.190426	7.983127	9.661342	5.280737	10.558778	9.374326	8.922497	13.714229	11.198114	10.846239	16.275266	16.538662	11.099402	11.410202	14.877534	13.071763	12.353567	7.248511	6.130308	8.028304	5.382713	11.22483	9.33692	4.123301	5.342874	5.878236	7.68023	6.608017	4.623095	9.777457	24.725528	25.089484	19.396005	29.742585	26.893038	19.006262	21.619779	18.807755	27.042233	15.849493	17.950607	25.004678	138.88997	0	0	0	0	0	0	0	0	0	0	0	0	0	0	0	0	0	0	0	0	4.44658	11.096335	23.380403	26.897888	14.76986	18.246947	10.689534	29.851771	18.09806	23.029002	32.819792	28.349358	24.987444	17.433151	23.885009	28.787249	17.511445	17.251387	16.926013	16.371978	11.03268	21.781668	15.705493	21.103135	16.553431	11.059854	17.635375	12.971677	5.244843	9.638143	13.807655	6.822026	11.922031	18.789048	20.829295	21.369001	7.17927	15.29571	7.229043	14.701172	12.47109	17.641039	11.538722	8.817931	4.69676	1.988051	6.469395	3.476069	4.972441	3.475917	7.584046	4.748518	6.463039	6.458179	3.441375	4.622514	10.028073	16.023633	19.325937	27.200448	34.055241	33.11103	64.163722	34.108384	22.728004	23.73495	27.373098	19.297633	28.956082	15.94351	16.93383	10.40754	8.839057	11.957629	10.49889	10.106805	15.963467	9.442497	13.475924	14.040488	16.632832	13.612324	23.679644	16.935259	40.649846	38.619731	75.606128	62.767549	26.095704	40.379551	18.090014	30.227458	33.379255	9.374597	28.312897	14.016085	13.464034	10.548812	7.750249	20.427193	14.264657	14.687978	30.573298	39.341788	59.602539	32.55217	18.326494	7.713568
54.908044	393.14707	2220.306754	4291.710092	25566.705899	8765.437847	1112.368686	1336.356543	214.248698	100.64134	170.116653	324.100174	591.545543	280.237761	983.875289	580.59626	170.952391	348.059973	866.694957	322.666239	278.294101	108.403653	131.121466	115.319686	60.90028	48.996387	57.709835	33.866031	31.052663	157.022347	521.014162	154.862099	49.444614	100.709808	564.268864	191.363543	46.469372	347.905532	127.717991	63.126494	36.151201	67.126167	66.023706	73.706373	83.343911	57.347102	34.26598	244.176707	308.917111	349.071223	305.832581	53.194306	38.006318	54.868455	78.216881	73.191879	108.959713	121.953673	117.165311	43.914986	67.925458	75.872129	62.908497	38.852067	58.557595	47.258877	34.940954	36.321563	37.411534	64.491392	39.831022	40.937726	17.779701	34.257975	22.883294	37.268327	34.147921	35.901375	22.581279	23.269379	21.651416	21.6009	13.017468	13.016813	11.02885	14.394164	23.691487	18.710871	24.825432	20.038498	25.525819	31.038471	19.652257	17.393983	28.310201	41.922306	37.435497	15.584255	13.740795	22.088932	8.399933	9.472863	14.152962	5.530448	9.302269	8.369404	14.488241	12.018076	8.071967	16.625884	16.23236	28.832383	60.281823	14.685642	34.601404	39.965934	35.87833	28.148724	41.421146	46.604509	31.935391	360.075143	0	0	0	0	0	0	0	0	0	0	0	0	0	0	0	0	0	0	0	0	8.71823	13.777696	13.793755	25.488804	18.50509	12.573754	14.693683	50.929128	8.865932	16.402316	68.179817	40.140464	12.390954	4.178868	7.7871	27.478775	20.330755	54.016317	14.512657	11.524949	25.890232	39.305182	45.606836	21.295048	30.020931	8.549645	14.078389	16.462366	10.505617	18.817258	10.017257	16.401753	7.771276	20.290053	33.763325	41.811923	22.485971	16.031563	14.342126	17.192909	20.548952	17.529552	20.152448	14.71985	11.430207	10.2085	14.796467	14.418194	9.138423	9.332671	6.133045	11.973291	9.180877	4.814735	10.236111	12.997336	7.493066	22.673974	12.55568	32.569665	24.933655	41.599158	45.431006	21.424775	13.084873	14.8037	31.763295	39.465539	30.465529	20.292505	4.086002	24.773331	31.515193	16.826243	15.641188	21.510242	20.619698	20.064782	9.667287	16.956995	20.666875	32.879136	22.564772	28.195072	25.994826	54.63262	89.945385	63.689177	66.784184	36.071348	67.071219	47.32118	43.967509	7.099766	14.843212	19.20397	48.872248	41.460057	38.58531	34.910738	26.775954	26.803964	51.087058	71.997234	35.402938	62.230129	39.881508	7.309195
65.192511	359.843818	2063.431894	2538.138002	8765.437847	26420.486224	3430.627247	2076.709884	269.326175	134.152254	203.602307	424.567977	863.566453	346.514972	1244.101891	740.253042	223.649386	486.521819	1056.347071	364.675554	410.350367	102.154281	149.242715	139.945537	74.100065	68.31696	68.475404	47.928821	31.617184	221.241676	700.88547	182.44281	52.163267	131.949482	695.138273	229.405836	65.947884	441.086901	121.694825	71.21991	29.89366	60.079044	92.006323	75.733419	114.168689	68.327953	53.862373	280.04854	493.623281	407.599634	369.907253	56.723415	47.722211	80.454644	87.098509	100.616117	151.679981	197.806884	177.594762	50.994061	106.359521	110.516552	82.498535	76.13921	63.270331	50.92987	48.113053	35.087906	61.009891	60.083871	35.624369	45.606491	23.790241	37.330984	29.852841	31.993261	38.144557	38.947303	26.396335	19.289613	26.551367	26.434045	25.661044	16.78174	18.848231	23.953471	31.343254	17.587785	33.865477	13.028724	28.037246	19.332163	35.106871	15.375059	34.126681	30.362816	44.972249	9.848121	15.578917	22.422093	10.876071	10.918151	8.399612	12.743689	14.843138	11.540367	15.465336	16.15231	17.10931	20.040015	30.344113	31.387883	65.572512	25.866582	51.803706	48.266701	56.813767	32.959287	50.326109	52.629433	45.273087	323.884387	0	0	0	0	0	0	0	0	0	0	0	0	0	0	0	0	0	0	0	0	8.449919	15.448332	20.360909	34.924545	29.973116	26.819627	16.900568	51.333905	7.049994	24.518321	115.67121	59.101862	16.394966	5.268001	9.631108	42.228071	37.313303	51.491724	13.090009	9.643802	24.949573	47.280996	50.386248	48.376453	36.5034	12.123989	14.469952	7.721572	16.410583	12.021763	14.317549	16.156426	9.650846	24.507993	30.515959	58.304414	26.967458	20.905006	13.309369	29.191973	21.683759	22.880046	12.911685	14.6456	13.783979	10.044439	6.229425	12.276064	8.967935	13.201511	7.676085	8.936885	10.277809	14.373915	17.028417	15.177083	11.407514	21.73791	9.242268	46.855028	33.094241	45.29453	62.567243	30.076375	12.773045	15.808215	58.99729	65.968202	52.337234	33.163411	11.504794	40.585084	32.335765	27.524477	20.897448	23.621048	24.744672	20.051157	24.457772	13.850486	20.144272	44.49201	31.292327	39.36885	16.637714	76.218615	71.163453	111.97112	95.376808	75.292017	86.851135	31.691145	40.336162	10.899904	25.402303	45.439456	38.699917	50.976945	43.247181	42.624942	42.792595	36.127603	48.634511	79.367817	41.332841	57.285699	27.565369	4.385874
119.224496	624.394232	873.295232	1382.682801	1112.368686	3430.627247	36268.3616	6721.870287	1644.180908	841.475387	724.722287	930.487913	989.388297	164.570495	607.61488	810.882553	676.209258	638.430815	449.380815	621.768983	419.040965	259.992159	249.103218	316.989633	160.011547	169.207273	226.715188	154.954665	193.296559	321.182756	288.704019	373.130414	259.617384	347.609419	298.9335	312.429848	355.712451	329.969327	266.641828	173.198404	108.624026	173.606424	181.750516	218.133215	300.237658	245.078078	287.813381	390.882555	147.99753	68.554912	69.752413	148.367493	226.06229	267.248567	259.78996	176.802309	67.270237	68.712364	62.481146	93.44624	53.088181	37.876669	83.488795	75.352293	55.674395	64.952107	42.100744	61.574813	44.150293	19.440845	39.469748	20.981218	9.496351	7.40885	10.313452	20.393111	29.576802	30.09329	42.395141	10.309954	5.525393	5.544838	14.37768	10.362711	21.641772	35.114749	23.624874	28.079736	21.653954	43.713893	38.607581	29.203516	30.716474	55.660629	53.649531	24.40138	10.393418	17.987595	9.84469	12.743788	41.764892	34.489528	5.624854	0.796553	11.984571	7.90566	7.221285	14.857919	19.506113	87.914743	111.74105	80.575816	78.416835	71.258902	58.568334	61.079749	43.773916	64.17684	27.308831	36.489715	40.487864	43.327699	0	0	0	0	0	0	0	0	0	0	0	0	0	0	0	0	0	0	0	0	1.364243	7.657347	44.987648	94.52918	34.070137	23.793652	17.133432	26.909766	49.825523	100.806931	57.552899	90.677855	83.47343	59.677981	85.158384	53.410357	28.400919	34.034886	37.786399	46.686867	35.827475	17.453326	10.748661	20.973408	15.833071	45.044139	27.10864	34.242503	13.952393	21.92529	17.833792	35.479591	22.236357	18.221796	18.029304	25.433307	25.892369	37.797582	51.957894	34.739069	49.717515	49.602962	29.316644	22.74544	14.315302	14.306229	10.296688	9.131791	14.387107	9.924656	13.955964	12.875656	13.19278	6.247842	1.894068	14.380874	12.964839	12.926364	52.72437	92.381479	111.344466	125.833687	132.179921	113.652603	57.68205	85.804875	40.595643	43.842398	24.885636	39.051442	51.011868	35.270545	18.079985	12.975627	11.338815	27.053182	2.917525	17.673034	24.216091	26.035549	28.975036	20.620019	69.292756	48.507347	74.92717	65.949714	73.797869	91.996525	91.296588	110.463013	21.970803	56.140535	85.179189	67.382007	62.44354	16.889256	11.599198	9.950401	12.821737	15.870226	20.830399	37.85983	60.311824	67.931411	86.029233	46.322508	25.129827	16.148721
74.479581	289.382075	689.443267	736.810414	1336.356543	2076.709884	6721.870287	31789.530734	4371.489516	893.955197	819.496813	961.959224	1068.341172	329.608118	1047.616268	862.798248	500.683745	705.647182	1129.310309	568.101331	677.124273	204.457065	323.606911	280.45652	158.859777	116.52669	125.557634	89.745997	85.097636	308.260444	755.451877	327.095961	119.387729	222.941059	599.885168	278.97292	160.523327	565.968358	213.719119	138.840849	52.864231	164.913429	145.589976	156.271909	265.504462	170.583083	125.230451	310.636037	281.968326	143.542553	110.788294	80.677939	92.812404	200.788294	214.927332	144.751623	112.86761	137.39734	110.679766	81.855712	75.198522	70.556234	86.993865	66.956145	81.706481	62.294532	46.092421	46.391235	46.275316	27.924194	31.982914	26.30419	16.454319	21.02373	22.460622	24.802776	24.158773	32.78792	19.151465	16.055476	17.669738	15.214088	20.030392	17.777487	14.586712	26.454943	22.200104	29.349547	37.742843	26.912348	30.961718	28.491272	38.313195	23.383326	38.882864	36.697598	13.347549	17.099263	14.124333	14.840951	14.874324	19.632399	10.584504	8.622675	10.217266	8.470903	6.172457	19.322343	14.233654	36.1433	63.893892	72.877137	133.007284	61.712527	54.858346	65.110319	50.142386	47.629715	43.107776	47.081548	38.036979	68.672759	0	0	0	0	0	0	0	0	0	0	0	0	0	0	0	0	0	0	0	0	5.952787	6.990006	28.533095	75.616326	40.491473	38.601153	20.778483	46.242569	25.543604	49.515774	101.089137	73.199075	27.361784	18.105982	34.64902	54.640652	32.693516	56.279147	25.692388	32.956715	33.728074	24.167882	26.476693	43.655171	37.374152	22.77055	31.4261	20.363129	19.059687	30.668512	20.085764	25.467532	16.362349	34.659907	38.429439	36.571752	25.614796	36.191453	33.321943	49.524879	51.888635	34.209028	34.505512	14.066831	18.998805	7.842738	10.622161	9.144727	16.226732	13.282937	14.101001	14.845633	9.193619	1.92516	13.811453	11.00497	12.270915	22.712787	36.887528	122.127332	116.66893	144.68228	142.274414	99.599887	36.736367	46.459327	71.949239	77.484933	47.595331	32.979354	36.844437	23.697709	27.842916	20.586819	19.656777	31.222343	22.803086	19.893077	24.100634	33.479327	35.976372	44.663484	43.286467	40.827485	54.829657	82.179165	91.959691	112.43156	114.230401	109.134564	80.664596	48.896799	80.171724	35.854691	34.144133	24.158901	13.963816	11.417613	19.603246	27.326312	21.962838	21.50697	52.43245	84.039869	61.163389	29.619281	31.287247	9.082271
103.286566	303.539894	179.09636	213.083424	214.248698	269.326175	1644.180908	4371.489516	56611.001474	7098.667756	1657.090958	1155.431747	771.629931	98.810905	303.232496	475.619393	712.780576	352.564248	184.608435	355.840331	306.931294	253.630135	232.514989	338.734084	216.887791	238.801514	270.383634	276.761831	319.686541	183.025366	106.67932	266.795897	308.222319	316.010156	114.577583	211.902254	291.26165	133.313142	180.12989	162.648579	240.356837	227.645029	166.091974	204.02837	238.308408	253.987529	306.787338	120.370749	50.234351	32.097254	39.917917	101.833936	243.254712	177.332715	200.052984	111.92874	66.55701	42.479185	49.25095	99.316474	39.300294	22.383822	59.800221	71.523981	49.730056	51.057587	27.744489	56.029038	25.435673	16.995038	23.739996	16.842905	17.15265	9.176692	14.469509	22.458892	16.747954	13.554497	30.60273	12.853763	13.8996	9.61226	11.163595	7.657274	24.044793	43.038834	23.12883	34.457171	21.758094	35.064148	43.994716	19.960462	54.52326	90.908939	36.999921	21.991327	7.762028	16.574163	20.118962	11.4937	42.756451	38.334564	7.883816	8.198445	5.133875	8.948129	14.6296	13.39258	15.037214	94.047248	102.457262	81.879769	80.05876	66.148118	62.638893	36.494654	36.090725	63.716046	19.859494	22.261901	30.156288	31.238196	0	0	0	0	0	0	0	0	0	0	0	0	0	0	0	0	0	0	0	0	2.827792	6.392508	30.711875	117.769907	16.16844	26.115982	11.57656	30.285289	108.587006	128.58707	51.143627	85.325268	109.201197	108.871151	108.597255	60.807078	25.404427	17.913235	78.342271	83.080367	32.576048	16.394625	7.331163	22.560652	18.969288	63.940593	41.576249	41.089171	16.40311	27.706122	43.823361	33.622374	48.493965	23.567883	19.967339	13.695794	20.511291	49.255476	71.283532	45.285535	54.437944	71.846786	38.680631	14.688605	15.028954	12.960514	9.385034	4.923138	7.749538	1.890695	14.729179	14.593314	11.615466	6.449961	9.989963	9.256961	31.813255	33.160089	77.748326	98.942282	141.329825	150.739503	121.431102	130.634237	115.299653	86.837711	46.36816	41.603517	33.494584	42.894002	103.455802	38.316319	17.80907	13.421302	9.918457	12.812955	10.840326	11.879124	19.916271	28.243199	21.458325	39.534339	65.691632	20.971501	124.586436	37.143072	45.707257	76.062519	58.243987	60.073485	33.760369	52.71636	97.876551	112.421745	58.674057	14.16793	10.859269	11.612661	9.475991	23.205504	11.568411	29.315721	60.882914	35.53385	76.546113	26.160001	31.960613	10.489683
81.138574	353.050923	128.775117	140.152007	100.64134	134.152254	841.475387	893.955197	7098.667756	48431.667343	8825.047083	1935.379726	761.095224	94.692457	240.122641	441.929076	737.261402	279.478446	164.364528	330.881204	226.399654	343.668929	231.096294	298.114476	270.241662	245.971711	343.858491	309.811711	318.415692	130.342941	91.271829	260.475743	300.362857	272.04959	94.44562	140.65049	262.348856	125.80554	157.316355	204.194798	233.87387	166.705797	142.987622	208.246011	211.473158	242.313893	292.02022	68.464363	36.77869	21.892593	23.529495	93.11629	200.452161	201.759686	138.991056	61.628864	30.762578	26.674436	19.470212	63.589764	27.361207	22.152965	32.106817	44.504506	19.297139	34.237538	26.897621	29.97165	13.38146	11.971164	17.688845	7.721572	11.135275	9.196201	5.453254	8.754553	7.109509	9.532662	24.314719	6.330275	3.475335	7.519034	11.251029	8.423182	12.733734	28.089599	17.999779	22.667858	10.312231	26.560169	26.060595	12.056958	30.565598	44.241071	25.213289	11.531304	3.45393	9.30773	5.854731	5.362839	26.367257	19.195381	6.004249	3.69017	2.007078	7.920789	9.252577	7.869052	9.345447	66.637892	94.306622	75.183957	49.247845	37.281233	28.287872	22.985137	24.405475	35.865766	21.235316	10.799435	21.006931	18.450585	0	0	0	0	0	0	0	0	0	0	0	0	0	0	0	0	0	0	0	0	0	5.611517	18.153079	104.702916	11.707521	22.794738	8.506438	24.563758	137.798734	122.471345	18.892962	71.784813	104.554287	126.836038	135.753044	51.225883	22.865498	12.426356	78.197458	64.396496	24.501727	11.872126	6.0798	20.91617	13.96422	42.928828	29.823081	30.686407	13.447527	12.568848	22.782404	39.273338	17.47357	19.70457	10.136766	9.454039	14.326699	20.33084	49.209103	33.742416	38.335744	65.594544	17.767658	13.992173	14.030576	7.786776	13.473196	10.771972	6.454154	10.156463	6.916047	11.286972	9.204156	10.65201	6.06043	10.054017	23.224885	11.564035	48.164807	91.324659	124.62122	124.58324	106.101976	117.509326	110.47035	78.182937	26.471639	27.900793	11.966783	42.989058	81.756397	33.749627	19.199878	10.052062	8.857108	6.276357	7.196832	13.993627	22.038533	28.797152	19.543309	18.064552	34.908869	34.469508	89.11699	40.083593	36.278291	50.208048	22.398403	46.414912	16.245212	33.299443	72.122927	114.433681	45.849548	6.054714	10.273905	11.839995	8.308139	9.640988	7.223243	24.145086	27.612829	36.095095	49.334244	21.562033	11.933275	12.090468
59.503018	242.555614	147.585287	159.061553	170.116653	203.602307	724.722287	819.496813	1657.090958	8825.047083	45040.000314	7737.342665	1124.355247	125.081252	387.012459	560.852447	751.82072	410.18003	259.17492	404.14611	393.891175	401.253433	283.358	337.089267	237.828558	166.661701	301.909343	254.052852	273.355185	215.886847	159.662028	306.353206	265.582962	249.147686	137.984151	171.477834	277.716838	158.430923	222.506451	200.653183	225.445576	206.352971	151.263612	205.362652	283.265717	240.869232	269.537158	148.850079	56.221184	43.392257	42.190643	84.779812	187.997003	167.075818	163.84842	104.847403	47.709642	37.840615	26.655498	49.162695	28.15519	20.696243	30.657031	52.370857	34.757495	30.018629	21.076933	27.362652	21.128073	9.717724	15.204173	6.664385	11.190278	7.519681	14.594802	11.756129	15.179008	10.31214	15.336118	10.384792	5.611472	7.664262	10.383123	4.515479	18.409294	21.188318	17.697516	22.369169	10.509854	32.625994	28.521427	18.122286	31.291136	46.826158	33.684614	14.795638	3.495393	14.991587	7.781986	7.942931	24.478969	19.482135	3.995289	4.483734	9.109902	4.240998	7.29579	14.059849	6.934901	63.56096	98.031546	63.559738	56.755204	43.099617	45.380567	26.053912	27.082394	39.316554	24.438916	18.950981	30.709298	17.336796	0	0	0	0	0	0	0	0	0	0	0	0	0	0	0	0	0	0	0	0	0	3.848534	29.728872	81.394035	25.050357	18.137402	7.552465	32.422864	108.446413	86.283008	52.265138	64.116582	116.006231	115.860897	79.762188	55.410984	24.646229	26.421184	39.42255	44.032075	24.259362	15.510861	6.411384	24.892417	19.897526	37.617051	17.891889	21.455366	23.310493	17.780657	23.153023	29.253738	29.75916	24.595811	12.05431	16.799733	25.507532	19.032357	30.229402	41.579433	46.081099	58.217902	24.673291	6.377144	11.638604	9.135095	3.478393	4.921493	7.892675	10.222481	4.433888	0	3.385024	13.574744	10.274328	14.089445	11.306877	12.050666	50.415497	91.454048	157.998908	115.340849	126.434126	107.066656	53.758534	76.112503	30.174946	23.162665	26.294245	39.541057	62.035491	22.553079	13.658514	3.225292	12.127962	11.595125	7.113927	15.093958	18.222122	16.681426	28.151788	28.533834	41.22003	27.722935	75.547125	28.736112	38.190523	59.909145	47.939637	60.388749	24.940905	29.855645	79.900645	80.195741	36.954157	12.555602	6.198608	9.006198	4.507025	8.59838	14.481315	16.362942	24.948287	23.631264	40.671986	19.224898	14.477651	4.830414
76.51653	330.925497	297.475504	339.024817	324.100174	424.567977	930.487913	961.959224	1155.431747	1935.379726	7737.342665	42952.80223	5706.51493	272.526242	786.304546	957.008938	1131.760279	834.234452	579.600457	698.591156	473.084592	390.700177	408.805952	390.684742	222.740076	215.500924	378.901969	261.366663	245.732687	299.764856	267.671878	347.286629	275.579269	305.117229	257.545933	280.479096	332.437858	324.74198	315.021333	248.186711	162.340393	226.425736	161.796563	265.069565	311.894309	237.328821	243.39789	216.769817	71.828329	34.199887	40.428566	89.340693	161.537781	208.846146	221.132852	113.207931	42.534012	43.444143	53.583589	48.835376	34.217699	31.583884	46.572033	49.977478	31.697946	38.424611	28.725216	39.563341	30.779458	5.798236	21.018689	10.087018	10.892795	5.234746	11.750401	8.361256	17.735123	17.929865	24.688828	10.363165	9.656583	5.541802	8.719957	7.46302	14.489052	20.151595	15.192579	17.272741	11.941094	21.652546	18.565972	23.163271	24.775139	55.695839	20.454217	13.986725	16.535893	8.812301	7.325778	9.559685	30.251486	19.837282	9.586107	5.69212	10.988774	3.969781	6.536822	12.012332	17.921688	67.853333	105.92853	71.301829	67.828235	69.658163	54.506937	26.392532	24.938855	32.688102	29.450379	16.658008	33.536473	29.270658	0	0	0	0	0	0	0	0	0	0	0	0	0	0	0	0	0	0	0	0	0	4.474422	31.918036	80.933807	24.019136	35.48769	7.609746	25.060464	80.017686	98.212206	53.239907	81.518289	103.0103	100.903357	106.340649	55.032101	26.412196	33.236723	60.094706	54.630124	29.394962	12.314319	9.601117	16.964602	11.833087	33.166871	28.244787	29.127646	14.949269	28.276963	18.742554	19.057438	21.932467	19.384725	9.434073	17.443279	21.68696	26.35	27.905687	35.53207	51.921367	57.198594	19.184608	19.261521	6.834776	1.937224	9.301625	9.00587	7.927055	9.08482	7.408039	14.112762	6.11254	7.831803	6.097333	13.633803	16.96217	10.830498	37.141872	131.088359	142.522671	123.300331	136.72461	130.45786	65.753317	53.624551	39.406191	38.223869	27.080807	38.736998	66.841195	27.066017	6.65969	4.437336	14.351488	9.636013	8.310567	12.115844	15.830027	22.297904	30.609659	31.12146	51.741551	37.04035	73.637702	36.120163	52.006907	66.430792	43.481947	65.286783	29.273578	30.639377	75.214684	68.464138	49.446108	6.8203	4.575866	10.212248	7.022506	11.233823	4.200858	15.960229	25.426743	42.762799	36.793547	23.616757	19.528637	7.325655
50.157102	274.317442	326.52497	423.559974	591.545543	863.566453	989.388297	1068.341172	771.629931	761.095224	1124.355247	5706.51493	40994.859257	1404.358292	2681.700173	2541.984386	1299.004807	929.153328	1059.012733	840.30398	670.002039	319.050743	312.005965	334.300705	201.811944	193.577871	193.304783	159.828899	230.325942	385.677198	536.934126	464.62191	247.563994	370.836474	541.761371	339.728791	323.602004	416.891238	286.156204	220.441025	148.42407	214.184643	175.811144	210.953853	262.018921	238.813347	245.248984	330.383597	189.476043	112.372526	104.13523	141.285917	145.796764	173.741021	189.653744	181.753277	105.155279	107.204967	128.461818	83.506074	71.17624	78.951316	75.88347	74.594046	70.140869	62.444338	55.47434	57.595158	37.344919	34.75654	36.002258	28.802822	20.279054	22.831713	27.157183	42.279741	23.673866	37.895135	38.706998	22.435386	18.376142	16.741038	12.733046	16.79764	17.029048	41.807174	33.073728	34.505733	23.482146	38.126986	49.776354	33.535453	26.440721	39.429909	40.101355	37.386568	11.11942	21.780627	18.916724	16.879219	38.438693	19.656465	12.683822	9.634055	13.617237	7.56429	8.570431	19.796157	27.314433	71.313527	78.882416	69.845968	100.831928	66.327041	51.417959	59.688337	73.17276	65.942695	40.88141	48.240907	39.686052	61.691159	0	0	0	0	0	0	0	0	0	0	0	0	0	0	0	0	0	0	0	0	3.498452	3.043515	39.743462	76.784568	29.589576	31.697682	13.861802	38.317656	63.192033	80.703567	102.046407	105.308686	78.654894	50.031322	78.249125	66.675503	34.725037	48.897841	46.59945	46.873582	50.289587	23.25089	20.222358	35.7188	26.955769	34.080698	30.546656	30.760505	20.719752	27.189811	22.862027	20.112627	42.196583	36.067196	32.039201	19.919702	21.527344	34.681253	27.612608	39.678013	44.257612	49.864581	23.747364	18.696811	14.08258	8.782689	7.84099	7.824574	7.693146	7.086558	10.358507	13.925031	7.37749	7.85467	12.691353	8.104438	23.985705	20.834118	40.374895	83.760363	105.223736	120.857001	132.30123	97.665297	66.280324	49.684828	60.245933	38.784931	36.052994	52.600281	52.774004	43.02173	20.802702	17.937932	13.86696	24.598054	20.057284	19.139647	13.62581	29.303461	30.375267	48.493833	41.268702	37.285339	79.558885	62.829606	58.347401	104.21496	74.256467	81.94449	48.543374	62.415796	114.142016	68.675591	46.682174	16.572375	17.223835	30.556837	11.042876	29.258176	30.809597	29.803312	45.952376	60.867371	45.364741	39.506235	26.917924	13.698943
13.613086	40.909051	99.33629	147.784712	280.237761	346.514972	164.570495	329.608118	98.810905	94.692457	125.081252	272.526242	1404.358292	6022.653348	4680.529134	1304.273982	266.731991	286.148644	466.16865	199.103139	184.347402	110.029617	102.38174	107.485111	45.457224	48.757484	53.128139	31.775076	28.313872	107.515581	191.605157	76.94931	21.941506	61.331128	218.365063	73.111571	48.604416	108.09012	59.012155	40.566824	21.685139	52.380584	39.982993	41.536138	56.48638	24.01834	30.061959	90.954396	87.978473	72.188724	58.588455	30.569294	22.697023	33.984652	49.251914	45.15155	51.691541	60.075513	56.607868	22.603517	32.810119	33.631546	22.439806	21.480677	31.988687	37.001241	19.315434	14.308847	20.229619	15.658324	16.841922	16.836113	11.666886	9.81947	14.931393	16.934275	17.810957	15.571279	14.560702	8.032868	11.440588	11.2846	13.965289	6.013091	8.198182	9.73498	7.586696	8.015677	16.979069	9.815112	14.44465	6.650934	15.696708	9.317551	14.956299	13.433363	6.408195	4.667439	13.876972	5.063448	4.594432	2.960967	7.251912	12.099221	3.332361	3.219312	6.744352	6.831731	10.243402	10.178258	9.741034	10.856173	25.14319	19.026162	14.183339	20.251897	11.439875	8.399557	16.539115	11.87673	14.512854	24.455389	0	0	0	0	0	0	0	0	0	0	0	0	0	0	0	0	0	0	0	0	0	4.781777	8.893876	13.875029	11.362255	9.441562	10.076421	8.893992	7.84537	10.935781	25.650234	18.178625	9.084804	4.760809	8.811449	14.335858	11.455032	17.790109	8.900163	8.057941	8.013884	11.019679	9.857714	11.399576	15.108304	8.336737	8.615027	8.085142	17.326935	11.972295	13.702333	12.630392	10.986325	13.716702	10.866261	16.013974	8.799978	16.386926	5.985985	12.590163	17.488874	8.672318	18.236685	6.470404	4.967438	4.929405	1.949679	3.438164	1.960737	9.450575	4.968385	7.959736	4.935814	3.441924	6.426367	6.468107	4.93382	6.467343	15.266039	18.827034	20.170406	28.853618	39.857079	21.052806	11.911669	13.113388	28.664759	33.639482	29.104442	6.202344	6.369141	9.136571	10.61803	10.945149	4.95106	13.831038	6.445454	9.446296	10.665406	12.36002	10.933128	8.988893	15.713456	14.037315	10.398842	14.567266	29.266204	20.614094	19.583237	22.87037	16.187772	9.945013	24.285091	9.222549	15.656339	7.447131	6.465204	6.419854	6.411692	7.702539	20.924123	10.289069	17.399686	16.801617	13.309931	6.177855	7.657681	4.904213
39.816932	138.40445	419.339982	479.663232	983.875289	1244.101891	607.61488	1047.616268	303.232496	240.122641	387.012459	786.304546	2681.700173	4680.529134	34976.476949	9343.167677	1198.738758	1147.410771	1485.015975	636.368771	720.751578	253.277938	295.843844	291.209519	159.363584	135.414367	155.257133	92.231435	116.693227	341.082503	763.978471	350.068074	124.290592	247.99015	767.714255	396.873399	151.203194	517.317232	250.982621	142.087837	66.643363	181.295738	179.819606	175.676946	181.474068	139.445914	101.221126	390.168631	356.536505	248.271777	274.439479	123.698613	74.613693	109.343729	139.815253	138.654749	171.051826	209.792737	198.248885	89.294549	85.730552	131.597514	113.885979	103.511434	99.780757	67.218421	63.999379	49.86314	67.339092	70.421945	45.400367	35.699837	38.797471	25.22408	44.863356	39.895552	38.469244	45.96683	36.203304	26.258624	29.763168	22.949612	27.946427	24.766134	22.946692	40.604613	34.549762	35.994423	42.740609	44.360681	47.38031	39.282591	43.957079	31.133375	49.107806	40.159647	35.483496	24.441962	19.265026	23.414328	24.481154	20.964312	28.608668	15.55307	12.697575	15.974308	14.903333	20.214011	30.041181	29.717601	56.555193	71.691057	107.418643	57.794131	65.859906	80.942018	93.797409	65.45186	47.053888	66.880824	50.007897	125.466238	0	0	0	0	0	0	0	0	0	0	0	0	0	0	0	0	0	0	0	0	4.53423	8.575188	31.360092	70.098063	30.839496	31.957043	10.369461	43.002981	30.278012	42.980206	153.009489	78.609484	58.611585	19.944753	37.455734	68.83371	58.787919	61.863933	24.297764	33.21575	43.401389	31.53096	46.416272	39.888376	43.418093	32.112062	25.701594	25.679677	26.336521	31.784389	23.855397	28.376035	14.438633	37.245489	45.641209	36.12834	25.473694	37.62161	30.700766	34.195767	37.741819	30.240966	27.632646	21.899052	19.641203	16.582331	7.673765	11.742223	10.266087	7.552853	15.407027	17.459143	11.362441	14.474519	16.141894	12.709687	17.352256	25.271146	25.896889	48.776103	69.457861	92.753716	114.327691	70.710078	29.111725	40.629885	81.372927	72.67207	59.669572	48.871953	23.967129	37.352611	24.810931	24.96445	20.754531	16.377948	12.65932	30.769431	35.115098	34.893843	29.663077	53.54646	46.153326	38.089959	27.496656	51.32953	67.473607	99.738035	111.278004	87.26126	95.424685	56.700006	102.430043	31.094941	29.582703	34.856663	20.045807	27.110525	23.674984	32.670356	32.759732	25.920153	41.931793	66.454433	45.670193	52.85107	30.665479	20.137208
47.209601	189.931987	433.514786	397.830777	580.59626	740.253042	810.882553	862.798248	475.619393	441.929076	560.852447	957.008938	2541.984386	1304.273982	9343.167677	40725.32707	7209.806694	1546.266959	1314.385552	983.2728	642.875601	375.066907	325.083745	332.322357	230.247071	199.933856	251.793533	159.058349	187.107623	416.011843	527.741058	443.827982	246.729152	382.269273	529.970269	354.723709	324.93209	437.74826	293.112746	195.531816	147.158766	234.112403	188.489851	219.653063	275.327823	223.359937	221.844559	319.124693	223.422758	108.214422	123.164064	165.11649	159.295816	188.466249	198.134836	180.921068	115.062986	111.034495	113.714286	121.582414	79.668279	70.846291	102.907116	85.184534	65.769138	75.493373	40.109765	60.008581	36.348147	28.464251	39.494997	38.018538	30.554605	24.562858	27.086062	23.52963	33.860767	32.956397	42.074908	29.704394	23.62838	18.380373	22.60152	25.727662	25.39405	35.972922	32.21286	30.161145	37.328774	45.600938	45.938507	30.766474	41.676532	55.388258	47.97207	41.495161	17.31041	24.381391	16.142994	14.525189	27.815515	32.724661	15.064694	8.623374	10.376846	12.851572	6.01562	19.128187	22.431107	71.148007	80.57711	80.147732	105.763193	77.943112	62.314205	57.372718	66.11546	63.477902	61.43602	38.034898	50.396966	58.795912	0	0	0	0	0	0	0	0	0	0	0	0	0	0	0	0	0	0	0	0	1.838962	8.415157	29.120046	77.704042	31.651657	40.765411	13.921935	39.267031	56.067474	54.755516	76.561381	94.92427	86.991356	72.573215	59.958597	76.892055	32.309682	51.463813	63.012135	34.906336	43.687667	22.32243	23.996763	31.593084	26.898047	35.266162	38.320258	38.042255	27.424245	43.15781	29.610525	31.483876	29.135861	38.363455	28.128764	34.628175	23.323776	37.148453	27.864895	35.292674	37.238452	44.517632	19.681807	13.553755	14.239524	7.404478	7.633763	8.930397	6.333728	8.810195	13.504524	9.46958	13.045139	7.560554	12.149122	12.222037	17.628704	14.150025	46.285618	75.894287	108.910832	127.401227	104.638914	106.614351	59.742513	78.549831	72.496932	47.18674	24.818162	40.422986	55.778753	31.172779	23.678473	3.110066	14.960001	16.973635	8.946874	21.901251	26.229967	29.590475	31.615665	24.596887	50.233706	33.357868	83.747089	67.217458	63.58854	89.716584	56.954622	72.764339	61.022241	56.261387	136.210548	60.520112	45.411859	20.829082	11.326563	11.461979	9.449209	16.946938	36.11561	35.69859	44.932902	78.01717	64.881136	41.31418	16.254253	9.449323
75.613159	371.812436	249.092503	229.100513	170.952391	223.649386	676.209258	500.683745	712.780576	737.261402	751.82072	1131.760279	1299.004807	266.731991	1198.738758	7209.806694	49879.777975	7260.24722	1087.944737	1271.146944	960.050613	868.638556	615.984715	597.666426	429.493944	391.728811	517.292235	391.300615	478.787259	433.794257	274.282446	524.771844	436.722498	517.83097	255.856459	382.518303	525.552167	284.049991	357.304156	289.875278	262.916568	300.89439	200.057633	326.380251	399.577737	433.382293	333.693678	226.132535	92.105687	50.47596	51.241245	130.41366	281.474963	294.0312	297.259828	139.564806	85.118229	64.276261	69.440576	78.470018	32.354073	46.86751	58.174087	63.799782	43.73955	59.304091	43.858325	43.911146	30.165142	12.696757	21.186392	22.862157	15.13389	10.12886	12.005273	22.030437	28.846026	19.473667	41.218643	18.534462	9.421575	18.100549	12.774059	10.381276	18.101939	42.433257	24.037265	39.263035	19.681417	43.528556	45.494807	32.52171	49.893925	62.415171	57.652217	18.382437	11.485626	21.826966	13.490379	11.992601	36.901064	26.946647	8.048883	8.569483	8.839631	5.211945	7.263766	10.722248	17.486839	98.815005	135.312388	111.147554	95.536039	79.016878	65.053131	46.640037	39.367383	53.840245	38.041433	26.214503	40.736794	46.336059	0	0	0	0	0	0	0	0	0	0	0	0	0	0	0	0	0	0	0	0	0	8.118351	91.132052	440.21705	147.427539	61.514107	123.255065	138.135337	147.453613	151.301401	67.057382	106.048402	157.23041	129.214049	152.063128	65.640305	41.484191	46.78798	91.862625	86.945651	37.23824	9.16786	6.83753	25.827712	15.844334	58.450869	31.174873	38.691006	13.059202	33.759807	31.129528	31.701225	29.104298	23.824039	29.407614	13.954145	12.503011	41.312636	50.745762	42.999273	51.739396	51.512124	41.955125	19.131935	7.846148	7.647379	7.651182	1.972437	6.38922	11.845288	12.591458	15.654205	7.776636	6.350681	11.453318	9.02175	19.741157	19.618716	44.857535	138.359506	171.353206	171.281022	155.986117	160.30374	97.1378	89.064984	40.64914	32.022938	41.522708	58.470778	78.748001	18.091325	16.003042	13.094881	11.163945	8.575198	10.478286	18.589049	19.171304	26.203575	24.225556	44.302804	51.953306	33.698249	105.936333	43.894672	63.862515	70.739949	55.696682	52.555995	23.671622	48.537835	698.673876	119.29339	41.373311	10.459877	5.923607	1.936848	7.607565	12.867484	14.123564	29.748612	29.998016	48.025235	62.380032	36.079807	23.261756	6.283151
