0.733651	0.1163	0.013579	0.007676	0.002621	0.003025	0.00607	0.002972	0.003119	0.003739	0.003096	0.002988	0.00253	0.001596	0.001449	0.002433	0.003666	0.002398	0.001412	0.002883	0.001819	0.002051	0.001828	0.002111	0.002488	0.001677	0.002155	0.002421	0.002192	0.00192	0.001116	0.00176	0.00216	0.00225	0.001085	0.001424	0.001793	0.001295	0.00148	0.001223	0.001602	0.001409	0.001596	0.00198	0.00199	0.001819	0.001887	0.001465	0.000516	0.000375	0.000338	0.000746	0.001771	0.00113	0.001101	0.000959	0.000467	0.000351	0.00025	0.000548	0.000435	0.000211	0.000425	0.000689	0.000252	0.000359	0.000266	0.000388	0.000308	0.000266	0.000349	0.000358	0.000234	0.000243	0.000214	0.000406	0.000171	0.000384	0.000449	0.000274	0.000394	0.000209	0.000073	0.00027	0.00017	0.000285	0.000412	0.000208	0.000255	0.000394	0.000353	0.000327	0.000224	0.000384	0.000329	0.000158	0.000261	0.000209	0.000306	0.000157	0.000644	0.000595	0.000042	0.000274	0.000154	0.000045	0.000093	0.00015	0.000336	0.000888	0.00084	0.000794	0.000556	0.000652	0.000496	0.000537	0.0003	0.000521	0.000234	0.000498	0.000227	0.001326	0	0	0	0	0	0	0	0	0	0	0	0	0	0	0	0	0	0	0	0	0.001181	0.000133	0.000638	0.000713	0.000263	0.000334	0.000692	0.000583	0.000811	0.001389	0.000429	0.00084	0.001094	0.001276	0.000909	0.000411	0.000517	0.000294	0.000535	0.000962	0.000361	0.000187	0.000201	0.000322	0.000432	0.000273	0.000174	0.000259	0.000311	0.000215	0.000248	0.00047	0.000121	0.000114	0.00017	0.000106	0.000096	0.000263	0.000315	0.000244	0.00039	0.00021	0.000212	0.000338	0.000104	0.000041	0.000095	0.000255	0.000194	0.000093	0.000035	0.000149	0.00009	0.000143	0.000095	0.000039	0.000226	0.000196	0.000187	0.000779	0.000631	0.000985	0.000679	0.000866	0.001024	0.00047	0.000488	0.000359	0.000353	0.00037	0.00074	0.000352	0.000318	0.000081	0.000129	0.000147	0.000221	0.000136	0.000368	0.000089	0.000447	0.000558	0.002914	0.000333	0.000853	0.000671	0.000812	0.000458	0.000456	0.000381	0.000103	0.000207	0.000599	0.000639	0.000438	0.000153	0.000175	0.000046	0.000117	0.000178	0.000467	0.000949	0.000418	0.000687	0.000742	0.000612	0.000969	0.002109
0.1163	0.600201	0.060343	0.023593	0.008301	0.007313	0.012484	0.005393	0.004793	0.005445	0.004459	0.005732	0.004288	0.001958	0.002603	0.004155	0.005587	0.003736	0.002754	0.00358	0.002732	0.002749	0.002563	0.002301	0.002271	0.002296	0.002944	0.003128	0.003453	0.002161	0.001816	0.002629	0.003219	0.00312	0.001395	0.001985	0.003088	0.001418	0.001887	0.00169	0.001978	0.001577	0.001536	0.002242	0.002243	0.002672	0.002715	0.001429	0.000899	0.000543	0.000498	0.001042	0.00141	0.001507	0.001417	0.001042	0.000413	0.00036	0.000364	0.00066	0.000377	0.000482	0.000582	0.00047	0.000444	0.00047	0.000429	0.000636	0.000236	0.000161	0.000366	0.000257	0.000151	0.000117	0.000086	0.000208	0.000331	0.000268	0.000386	0.00019	0.000088	0.000185	0.000148	0.000127	0.000233	0.000322	0.000318	0.000227	0.000278	0.000622	0.000379	0.000343	0.000405	0.00053	0.000434	0.000217	0.000193	0.000295	0.000077	0.000095	0.00044	0.000365	0.000151	0.000066	0.000103	0.000127	0.00017	0.000167	0.000165	0.000725	0.001281	0.000979	0.000815	0.000593	0.00054	0.000419	0.000314	0.000474	0.00035	0.000362	0.00029	0.000864	0	0	0	0	0	0	0	0	0	0	0	0	0	0	0	0	0	0	0	0	0.000144	0.00049	0.000694	0.001117	0.000659	0.00054	0.000559	0.000778	0.001521	0.001428	0.000489	0.001181	0.001282	0.001795	0.001568	0.000449	0.000333	0.000355	0.000655	0.000983	0.000363	0.000165	0.000097	0.000283	0.000187	0.000252	0.000257	0.000278	0.000181	0.00021	0.000187	0.0003	0.000291	0.000184	0.000123	0.000143	0.000181	0.00027	0.000219	0.000217	0.000302	0.000369	0.000171	0.000082	0.000181	0.0001	0.000076	0.000124	0.000039	0.000113	0.000086	0.000165	0.000109	0.000058	0	0.000187	0.000195	0.000157	0.000431	0.000759	0.001081	0.000725	0.000636	0.000996	0.00077	0.000708	0.00027	0.000301	0.00031	0.000458	0.000563	0.000366	0.000102	0.000081	0.000035	0.000074	0.000104	0.000151	0.000272	0.000252	0.00042	0.000211	0.000504	0.00047	0.000836	0.000418	0.000683	0.000564	0.000477	0.000342	0.000179	0.000381	0.000688	0.000948	0.00044	0.000123	0.000212	0.000094	0.000095	0.000158	0.000145	0.000411	0.000409	0.000373	0.000562	0.000439	0.000505	0.000746
0.013579	0.060343	0.493775	0.124598	0.049563	0.036676	0.016974	0.013857	0.003694	0.003386	0.003307	0.00636	0.00624	0.006078	0.006789	0.00619	0.004112	0.005781	0.008182	0.00501	0.003815	0.001987	0.002581	0.00211	0.001361	0.001198	0.001215	0.001221	0.001311	0.00289	0.004805	0.003365	0.001296	0.002412	0.004541	0.002479	0.00184	0.004113	0.001995	0.001284	0.000934	0.001356	0.001346	0.001671	0.001602	0.001629	0.001316	0.002257	0.002253	0.001835	0.001854	0.000813	0.000912	0.001155	0.001584	0.001428	0.001004	0.00112	0.000851	0.000568	0.000802	0.000765	0.000589	0.00065	0.000495	0.000512	0.000446	0.000468	0.000342	0.000472	0.000453	0.000314	0.000499	0.000293	0.000218	0.00024	0.00038	0.000243	0.000444	0.000218	0.000163	0.000155	0.00017	0.000209	0.000204	0.000277	0.000222	0.000289	0.000286	0.000308	0.000258	0.000363	0.000323	0.000266	0.000401	0.000439	0.000323	0.000291	0.000177	0.000219	0.000181	0.000249	0.000289	0.000203	0.000119	0.000187	0.000239	0.000244	0.000104	0.000449	0.000579	0.0006	0.000704	0.000431	0.000646	0.000598	0.000498	0.000519	0.000417	0.000492	0.000492	0.004261	0	0	0	0	0	0	0	0	0	0	0	0	0	0	0	0	0	0	0	0	0.000257	0.001077	0.000866	0.000534	0.000465	0.000622	0.000912	0.000686	0.000336	0.00055	0.000841	0.000928	0.000515	0.00052	0.000594	0.000419	0.000382	0.000528	0.000328	0.000403	0.000528	0.000242	0.000354	0.000271	0.000261	0.000226	0.000121	0.000146	0.00024	0.000227	0.000157	0.000127	0.000097	0.000211	0.00033	0.000376	0.000267	0.000269	0.000185	0.000361	0.000205	0.000193	0.000182	0.000094	0.000176	0.000057	0.000066	0.000119	0.000068	0.00013	0.000148	0.000104	0.000062	0.000089	0.000111	0.000126	0.000075	0.000136	0.00016	0.000525	0.00058	0.000893	0.000611	0.000544	0.00038	0.000338	0.000437	0.000442	0.000267	0.000276	0.00028	0.000176	0.000132	0.000093	0.0001	0.000187	0.00012	0.000126	0.000198	0.000179	0.000179	0.000318	0.000363	0.000339	0.000467	0.000666	0.001482	0.000779	0.000617	0.000541	0.000507	0.000491	0.000526	0.000243	0.000341	0.000195	0.000265	0.000237	0.000327	0.000248	0.00035	0.000374	0.000566	0.000553	0.000384	0.000505	0.000475	0.000345
0.007676	0.023593	0.124598	0.465352	0.086556	0.048327	0.024257	0.014926	0.004312	0.003227	0.003433	0.005993	0.007243	0.005983	0.007389	0.006554	0.004678	0.006227	0.008368	0.005244	0.00425	0.001882	0.002412	0.002161	0.001347	0.001202	0.001646	0.001086	0.00119	0.003258	0.004963	0.003182	0.001541	0.002388	0.004249	0.002807	0.001695	0.003686	0.001807	0.001233	0.000921	0.001365	0.001121	0.001604	0.001776	0.001383	0.001299	0.003266	0.00273	0.001797	0.002015	0.001258	0.001231	0.001359	0.001708	0.001609	0.001158	0.001147	0.001219	0.000861	0.000801	0.00097	0.000767	0.000957	0.000573	0.000691	0.000577	0.000543	0.000562	0.000395	0.000498	0.000532	0.000271	0.000325	0.000344	0.000411	0.000381	0.000311	0.00044	0.000419	0.000313	0.000261	0.000262	0.000201	0.000272	0.000419	0.000351	0.000317	0.000323	0.000377	0.0003	0.000422	0.000311	0.000389	0.000492	0.000296	0.000407	0.000233	0.000256	0.000403	0.000336	0.000315	0.000167	0.000196	0.000229	0.00018	0.00023	0.000218	0.000366	0.000432	0.000693	0.000489	0.000885	0.00054	0.000608	0.000519	0.000546	0.000499	0.000386	0.000577	0.000608	0.003332	0	0	0	0	0	0	0	0	0	0	0	0	0	0	0	0	0	0	0	0	0.000415	0.000855	0.000636	0.000758	0.000518	0.000726	0.000671	0.00062	0.000359	0.0007	0.000729	0.000793	0.00047	0.000337	0.000473	0.000377	0.000397	0.000623	0.00045	0.000529	0.000494	0.000249	0.000233	0.000338	0.000383	0.000302	0.00027	0.000178	0.000092	0.000218	0.00022	0.000208	0.0002	0.000291	0.000212	0.000267	0.000171	0.000233	0.000152	0.000335	0.000345	0.000255	0.000283	0.000135	0.000062	0.000092	0.000063	0.000114	0.000043	0.000083	0.000174	0.00005	0.00004	0.000085	0.000106	0.000104	0.000215	0.000232	0.00032	0.000652	0.000506	0.000785	0.000625	0.000548	0.000336	0.000585	0.00042	0.000557	0.000299	0.000227	0.000328	0.000287	0.000283	0.000108	0.000115	0.000213	0.000181	0.000151	0.00015	0.000199	0.000212	0.000364	0.000362	0.0004	0.000602	0.001012	0.001195	0.00071	0.000633	0.000468	0.000472	0.00042	0.000554	0.000381	0.0004	0.000255	0.000215	0.000186	0.000279	0.000381	0.000272	0.000297	0.000438	0.000624	0.000528	0.000562	0.000415	0.000622
0.002621	0.008301	0.049563	0.086556	0.44625	0.139049	0.016624	0.019287	0.0032	0.001811	0.002537	0.003964	0.007921	0.010352	0.012279	0.006859	0.002617	0.005224	0.011883	0.004458	0.004174	0.001655	0.002306	0.001695	0.001147	0.00085	0.000937	0.000431	0.000557	0.002504	0.007519	0.002274	0.000731	0.001694	0.007175	0.002533	0.00093	0.004269	0.001594	0.001258	0.000394	0.001067	0.00097	0.001272	0.001544	0.001034	0.000675	0.003018	0.00436	0.005108	0.004329	0.000863	0.00074	0.000951	0.001134	0.001438	0.00205	0.00199	0.001834	0.000699	0.00165	0.001728	0.000868	0.000896	0.001181	0.000778	0.000625	0.000538	0.000768	0.001171	0.000556	0.000821	0.000662	0.000616	0.000621	0.000762	0.000606	0.000759	0.000412	0.000397	0.000413	0.000393	0.000359	0.000392	0.000356	0.000309	0.000261	0.000322	0.000631	0.000317	0.000477	0.000449	0.000404	0.000227	0.000562	0.000767	0.000946	0.000366	0.000346	0.00047	0.000253	0.000256	0.000422	0.000358	0.000353	0.00026	0.000492	0.000299	0.000324	0.000247	0.000382	0.000479	0.000819	0.00048	0.000484	0.00066	0.000843	0.000583	0.000773	0.000901	0.000521	0.006023	0	0	0	0	0	0	0	0	0	0	0	0	0	0	0	0	0	0	0	0	0.000949	0.00159	0.000677	0.000407	0.000746	0.000573	0.001007	0.00104	0.000126	0.000319	0.001351	0.000513	0.000311	0.000081	0.000296	0.000422	0.000559	0.000683	0.000201	0.000251	0.000499	0.00054	0.000874	0.000402	0.000539	0.000137	0.000209	0.000176	0.000412	0.000354	0.000212	0.000189	0.000152	0.000237	0.000467	0.000575	0.00029	0.000189	0.000227	0.000311	0.00031	0.000151	0.000153	0.000159	0.000163	0.000164	0.000206	0.000223	0.000141	0.000084	0.00009	0.000108	0.000179	0.000173	0.000156	0.000196	0.00007	0.000106	0.000135	0.000519	0.000257	0.000402	0.000568	0.000404	0.00019	0.000338	0.000693	0.000528	0.000532	0.000256	0.000124	0.000296	0.000241	0.000292	0.000234	0.000306	0.0002	0.000295	0.000177	0.000215	0.000333	0.000355	0.000326	0.000469	0.000326	0.000859	0.001237	0.000804	0.000854	0.000665	0.001014	0.000394	0.000391	0.00018	0.000315	0.000719	0.000684	0.000875	0.000738	0.000748	0.000521	0.000318	0.000571	0.000658	0.000407	0.00074	0.000624	0.00027
0.003025	0.007313	0.036676	0.048327	0.139049	0.417262	0.048009	0.030328	0.00355	0.002252	0.003417	0.005115	0.009227	0.012293	0.014138	0.008584	0.003256	0.006845	0.014311	0.004933	0.004892	0.002022	0.002493	0.001972	0.001256	0.00088	0.001119	0.000652	0.000455	0.003696	0.008501	0.0027	0.000744	0.001598	0.008191	0.002802	0.001005	0.005401	0.00166	0.001186	0.00039	0.001094	0.001075	0.001267	0.001609	0.000994	0.000932	0.003546	0.005775	0.005433	0.00475	0.000889	0.000834	0.001069	0.00172	0.001864	0.002758	0.002876	0.002421	0.000688	0.001807	0.001679	0.001389	0.001008	0.001329	0.000846	0.000805	0.000558	0.00083	0.001514	0.00068	0.000898	0.000881	0.000797	0.000777	0.000732	0.000677	0.000728	0.000419	0.000509	0.00045	0.000414	0.000452	0.00057	0.000383	0.000379	0.000469	0.000415	0.00062	0.000289	0.00041	0.000613	0.000314	0.000271	0.00052	0.00081	0.000938	0.000417	0.000484	0.000417	0.000296	0.0003	0.000527	0.000488	0.000351	0.00043	0.00064	0.000373	0.00051	0.000418	0.000446	0.000404	0.000886	0.000453	0.000625	0.000817	0.000806	0.000494	0.00082	0.000998	0.000945	0.004836	0	0	0	0	0	0	0	0	0	0	0	0	0	0	0	0	0	0	0	0	0.000772	0.001175	0.000538	0.000563	0.000849	0.000705	0.00103	0.001273	0.000147	0.000245	0.001821	0.000569	0.000294	0.000191	0.000177	0.000508	0.000586	0.000722	0.00019	0.000257	0.000307	0.000968	0.001018	0.000579	0.00043	0.000176	0.000256	0.000205	0.00033	0.000178	0.000179	0.000244	0.000215	0.000398	0.000533	0.00082	0.000317	0.000228	0.000165	0.000358	0.000368	0.000214	0.000196	0.000138	0.000237	0.000254	0.000178	0.000175	0.000166	0.000207	0.000097	0.000076	0.000123	0.000212	0.000245	0.000146	0.000143	0.000178	0.000155	0.000462	0.000349	0.000648	0.000785	0.00042	0.000235	0.000369	0.000747	0.000803	0.000524	0.00028	0.000134	0.00031	0.000325	0.000276	0.000221	0.000276	0.000328	0.000394	0.000261	0.000274	0.000243	0.00038	0.000327	0.000488	0.000272	0.000753	0.001406	0.000827	0.000919	0.000598	0.001097	0.000362	0.000378	0.000245	0.000251	0.000679	0.000781	0.000731	0.000643	0.00073	0.000774	0.000444	0.000559	0.000672	0.000405	0.000664	0.00059	0.000351
0.00607	0.012484	0.016974	0.024257	0.016624	0.048009	0.471607	0.091361	0.019071	0.009624	0.009029	0.011513	0.011443	0.006129	0.006827	0.00811	0.007268	0.008395	0.006082	0.00679	0.00521	0.00351	0.003547	0.003152	0.002539	0.002601	0.002417	0.002041	0.002382	0.003618	0.00399	0.004274	0.002893	0.003963	0.003467	0.003406	0.003671	0.003968	0.003396	0.001965	0.00192	0.002028	0.001937	0.002465	0.002927	0.002521	0.003181	0.003778	0.002278	0.0016	0.001228	0.001893	0.002197	0.002856	0.003265	0.002501	0.001131	0.000989	0.001137	0.001508	0.00116	0.000933	0.001283	0.001261	0.000941	0.000904	0.000778	0.00096	0.000642	0.000431	0.000739	0.000444	0.000496	0.000264	0.000294	0.00037	0.000479	0.00037	0.000676	0.000348	0.000352	0.000359	0.000368	0.000361	0.000369	0.000554	0.000559	0.000441	0.000405	0.000604	0.000754	0.000504	0.000582	0.000851	0.000554	0.000452	0.000312	0.000239	0.000197	0.000214	0.00052	0.000494	0.000334	0.000299	0.000338	0.000219	0.000228	0.000237	0.000395	0.001163	0.001418	0.000956	0.000985	0.000862	0.000796	0.000701	0.000683	0.000788	0.000572	0.000874	0.000792	0.000813	0	0	0	0	0	0	0	0	0	0	0	0	0	0	0	0	0	0	0	0	0.00011	0.000515	0.000902	0.001147	0.000863	0.000948	0.000863	0.000642	0.00076	0.001118	0.000944	0.001063	0.000902	0.000829	0.001072	0.000691	0.000402	0.00065	0.000635	0.000793	0.000651	0.000373	0.000288	0.000476	0.000426	0.000534	0.000305	0.000343	0.000325	0.000411	0.000282	0.000337	0.000419	0.000447	0.000388	0.000273	0.000357	0.000432	0.00052	0.00046	0.000584	0.000327	0.000294	0.000241	0.000129	0.000106	0.000122	0.000147	0.000084	0.000134	0.000132	0.000192	0.000077	0.000109	0.000055	0.000111	0.000166	0.000241	0.000502	0.000945	0.001078	0.001121	0.001144	0.001118	0.000675	0.0007	0.000642	0.000459	0.000466	0.000437	0.0006	0.000401	0.000245	0.000185	0.000111	0.000147	0.000169	0.000272	0.000306	0.000391	0.000373	0.00029	0.000531	0.000636	0.000848	0.000592	0.001092	0.001009	0.000916	0.000925	0.000469	0.000664	0.000825	0.000779	0.000599	0.000229	0.000214	0.000093	0.000191	0.000255	0.000401	0.000492	0.000732	0.000733	0.000788	0.000575	0.000455	0.000509
0.002972	0.005393	0.013857	0.014926	0.019287	0.030328	0.091361	0.439161	0.051769	0.011919	0.010309	0.012663	0.013913	0.012173	0.012175	0.009113	0.005612	0.008871	0.013592	0.006611	0.006975	0.002862	0.004173	0.003292	0.002427	0.001733	0.00215	0.001233	0.001152	0.004717	0.008255	0.003571	0.001787	0.002976	0.007559	0.00339	0.002041	0.00682	0.002964	0.001975	0.000976	0.002302	0.001858	0.00217	0.003087	0.0021	0.001733	0.003565	0.004052	0.002971	0.002591	0.001285	0.001508	0.002195	0.002683	0.002103	0.002182	0.002152	0.001932	0.001099	0.001386	0.00132	0.001465	0.001362	0.001307	0.000918	0.000743	0.000638	0.000775	0.000648	0.000663	0.000793	0.000627	0.000575	0.000467	0.00061	0.000585	0.000652	0.000345	0.000415	0.000451	0.000378	0.000343	0.000421	0.00037	0.000399	0.000587	0.000387	0.000655	0.000488	0.000628	0.00065	0.000485	0.000509	0.000705	0.000512	0.000434	0.000325	0.000334	0.000453	0.000296	0.000308	0.000454	0.000308	0.00032	0.000238	0.000321	0.000422	0.000406	0.000549	0.00112	0.000908	0.001449	0.000744	0.000893	0.001085	0.000826	0.000603	0.000747	0.000723	0.001003	0.001434	0	0	0	0	0	0	0	0	0	0	0	0	0	0	0	0	0	0	0	0	0.00024	0.00069	0.000766	0.000804	0.001136	0.000927	0.000975	0.000839	0.000325	0.000591	0.001889	0.00094	0.000585	0.000321	0.00049	0.000897	0.000597	0.000788	0.000353	0.00044	0.000513	0.000475	0.000526	0.000472	0.000432	0.000396	0.000359	0.000382	0.000321	0.000494	0.000354	0.000316	0.000354	0.000477	0.00077	0.000681	0.000468	0.000316	0.000363	0.000509	0.000438	0.00038	0.000385	0.000231	0.000129	0.000116	0.000177	0.000192	0.000136	0.000102	0.000222	0.000081	0.000098	0.000208	0.000134	0.000145	0.00008	0.000283	0.000265	0.001002	0.00104	0.00132	0.001357	0.001074	0.000509	0.000707	0.000849	0.000685	0.000636	0.000466	0.000269	0.000291	0.000316	0.000226	0.000174	0.000183	0.000161	0.000211	0.000295	0.000369	0.000406	0.00062	0.000352	0.000454	0.000511	0.000758	0.001256	0.000938	0.001099	0.001097	0.001041	0.000585	0.000587	0.000376	0.000389	0.00038	0.000192	0.000261	0.00039	0.000266	0.000302	0.000448	0.000519	0.000798	0.00059	0.000361	0.000218	0.000233
0.003119	0.004793	0.003694	0.004312	0.0032	0.00355	0.019071	0.051769	0.576336	0.078585	0.018112	0.012286	0.009475	0.00287	0.004238	0.005544	0.007058	0.004614	0.002467	0.003564	0.003196	0.003418	0.003069	0.003328	0.002992	0.002754	0.002644	0.002696	0.003318	0.002719	0.001801	0.002856	0.003329	0.003161	0.001768	0.002717	0.003188	0.001692	0.002367	0.002014	0.002467	0.00252	0.002186	0.00234	0.002431	0.002568	0.003069	0.001828	0.000798	0.000684	0.0006	0.001599	0.002185	0.00242	0.002023	0.00143	0.000838	0.000558	0.000671	0.001221	0.000526	0.000573	0.000857	0.00107	0.000614	0.000682	0.00055	0.000754	0.000502	0.000212	0.000492	0.00027	0.000201	0.000171	0.000367	0.000325	0.000327	0.000316	0.000497	0.000286	0.000199	0.000253	0.000351	0.000261	0.000324	0.000437	0.000448	0.000648	0.000383	0.000501	0.000566	0.000451	0.000616	0.000911	0.000465	0.000302	0.000121	0.000289	0.00026	0.000158	0.000689	0.000591	0.000231	0.00018	0.000259	0.000136	0.000153	0.000218	0.000357	0.000986	0.001237	0.001057	0.000961	0.000855	0.000837	0.000537	0.00066	0.00098	0.000519	0.000292	0.000543	0.000542	0	0	0	0	0	0	0	0	0	0	0	0	0	0	0	0	0	0	0	0	0.00005	0.000527	0.000731	0.001133	0.000399	0.000604	0.000351	0.000655	0.001044	0.001084	0.00074	0.001079	0.001047	0.001013	0.001055	0.000782	0.00055	0.000416	0.000664	0.000848	0.000429	0.000206	0.000172	0.00033	0.000183	0.000639	0.000347	0.000473	0.000303	0.000353	0.000479	0.000434	0.000443	0.000378	0.000187	0.000151	0.000321	0.000474	0.000642	0.000646	0.000609	0.000712	0.000387	0.000204	0.000218	0.000125	0.000048	0.00009	0.000086	0.000106	0.000161	0.000103	0.000124	0.000108	0.000096	0.000117	0.000259	0.000245	0.000614	0.000829	0.001144	0.001024	0.00094	0.00126	0.001085	0.001075	0.000434	0.000448	0.000409	0.000625	0.000881	0.000477	0.000183	0.000152	0.000119	0.000129	0.000167	0.000316	0.000315	0.000418	0.000417	0.000336	0.000583	0.000375	0.000731	0.00057	0.000498	0.000643	0.000607	0.000563	0.000343	0.000546	0.000832	0.001083	0.000594	0.000106	0.000122	0.000117	0.000089	0.000143	0.000244	0.000441	0.000449	0.000554	0.000685	0.00042	0.000307	0.000307
0.003739	0.005445	0.003386	0.003227	0.001811	0.002252	0.009624	0.011919	0.078585	0.552027	0.108976	0.023363	0.00939	0.002577	0.003074	0.004448	0.006905	0.003901	0.001952	0.00347	0.002729	0.003532	0.003105	0.003589	0.003048	0.003059	0.003443	0.003606	0.003577	0.002411	0.001429	0.00269	0.003476	0.002808	0.001251	0.002049	0.003058	0.001487	0.002101	0.002369	0.002825	0.002464	0.001804	0.00246	0.002388	0.002733	0.002789	0.001278	0.0006	0.000313	0.000352	0.001023	0.001773	0.001779	0.001576	0.000848	0.000526	0.000399	0.000358	0.000612	0.000392	0.000322	0.000517	0.000577	0.000353	0.000391	0.000478	0.000514	0.000202	0.000232	0.000302	0.000136	0.000148	0.000179	0.000158	0.000184	0.00026	0.000229	0.00033	0.000165	0.00015	0.000121	0.000106	0.000225	0.000294	0.000224	0.00027	0.000435	0.000171	0.000411	0.000498	0.000342	0.000555	0.000729	0.000336	0.000149	0.000137	0.000192	0.000111	0.000103	0.000454	0.000267	0.000109	0.000072	0.000162	0.000106	0.000074	0.000119	0.000284	0.000834	0.001174	0.001006	0.000685	0.000729	0.0006	0.000354	0.000383	0.000436	0.000446	0.000252	0.000348	0.000385	0	0	0	0	0	0	0	0	0	0	0	0	0	0	0	0	0	0	0	0	0.000156	0.000294	0.000517	0.001031	0.000486	0.000517	0.000427	0.000636	0.001404	0.001145	0.000409	0.000929	0.001121	0.001267	0.00122	0.000709	0.000368	0.00034	0.000692	0.000831	0.000314	0.000117	0.000084	0.000115	0.000165	0.000489	0.000476	0.000449	0.000298	0.000328	0.000435	0.000338	0.000344	0.00032	0.00024	0.000046	0.000209	0.000372	0.000446	0.000428	0.000599	0.000544	0.000229	0.000168	0.000064	0.000043	0.000125	0.000081	0.000038	0.000086	0.00015	0.000068	0.000047	0.00005	0.000138	0.000112	0.000261	0.000221	0.000508	0.000727	0.001274	0.000989	0.001068	0.001239	0.001268	0.000846	0.000381	0.000304	0.000192	0.000392	0.000761	0.000367	0.0001	0.000106	0.000147	0.000077	0.000106	0.000196	0.000296	0.000218	0.000295	0.000282	0.000516	0.00033	0.000749	0.000297	0.000462	0.000417	0.000522	0.000397	0.000161	0.000339	0.000853	0.000935	0.000456	0.0001	0.000104	0.000086	0.000062	0.000112	0.000104	0.000239	0.000312	0.000391	0.000388	0.000358	0.000148	0.00037
0.003096	0.004459	0.003307	0.003433	0.002537	0.003417	0.009029	0.010309	0.018112	0.108976	0.522194	0.091797	0.01467	0.004226	0.004974	0.006064	0.007296	0.005148	0.004224	0.00493	0.004544	0.004339	0.003254	0.003882	0.002874	0.002994	0.003429	0.002989	0.002916	0.002917	0.002541	0.002917	0.002882	0.002812	0.001945	0.002486	0.003042	0.002357	0.002264	0.002284	0.002202	0.002399	0.002011	0.002495	0.003159	0.002339	0.002321	0.0016	0.00097	0.000555	0.000636	0.001122	0.001844	0.002205	0.00211	0.00123	0.000468	0.000557	0.000478	0.000763	0.000467	0.000427	0.000717	0.000733	0.000449	0.00058	0.000323	0.000458	0.000341	0.000228	0.000425	0.000226	0.000292	0.000224	0.000244	0.00017	0.000213	0.000303	0.000373	0.000276	0.000167	0.000125	0.000219	0.000196	0.000221	0.000308	0.000278	0.000337	0.000255	0.000506	0.000372	0.000344	0.000324	0.000575	0.000484	0.000257	0.00013	0.000179	0.000218	0.000138	0.000393	0.000291	0.000237	0.000134	0.000237	0.000183	0.000152	0.000173	0.000354	0.000876	0.001174	0.000826	0.000811	0.000684	0.000643	0.000493	0.000307	0.000428	0.000406	0.000395	0.0004	0.000467	0	0	0	0	0	0	0	0	0	0	0	0	0	0	0	0	0	0	0	0	0.000107	0.000189	0.000654	0.001027	0.000688	0.000534	0.000723	0.000426	0.001109	0.001025	0.000604	0.000951	0.001261	0.0013	0.001084	0.000566	0.000444	0.000395	0.000579	0.000593	0.000381	0.000141	0.000087	0.000197	0.00025	0.000475	0.000304	0.000471	0.000261	0.000322	0.000374	0.000371	0.000372	0.000238	0.000165	0.000248	0.000285	0.000314	0.000445	0.000319	0.000566	0.000555	0.000228	0.000219	0.000253	0.000145	0.000077	0.000111	0.000119	0.000127	0.000087	0.000091	0.00011	0.000168	0.000117	0.000189	0.000244	0.000255	0.000345	0.001033	0.001169	0.001131	0.001223	0.001178	0.00069	0.000818	0.000394	0.000289	0.000276	0.00042	0.000609	0.000205	0.000094	0.000098	0.000117	0.00007	0.00009	0.000129	0.000157	0.000265	0.000257	0.000336	0.000384	0.000377	0.000651	0.000379	0.000387	0.000469	0.00049	0.00048	0.000268	0.000294	0.000648	0.000839	0.000412	0.000176	0.000119	0.000126	0.000127	0.000106	0.000175	0.000275	0.000338	0.000387	0.000368	0.000259	0.000178	0.000305
0.002988	0.005732	0.00636	0.005993	0.003964	0.005115	0.011513	0.012663	0.012286	0.023363	0.091797	0.503977	0.068233	0.008731	0.009041	0.010147	0.01136	0.009116	0.006563	0.007225	0.006198	0.004396	0.004482	0.004015	0.002931	0.002965	0.003427	0.002753	0.002588	0.003454	0.004021	0.003649	0.002999	0.00334	0.003245	0.003107	0.003298	0.003728	0.003415	0.002416	0.002164	0.002336	0.001881	0.002841	0.003419	0.002955	0.002661	0.002082	0.001207	0.00077	0.000771	0.001143	0.001696	0.00233	0.002121	0.001342	0.000839	0.00069	0.00054	0.000812	0.000442	0.000496	0.000582	0.000688	0.000502	0.000608	0.00037	0.000468	0.000309	0.000217	0.000218	0.000249	0.00023	0.000251	0.000303	0.000322	0.000232	0.000323	0.000399	0.00016	0.000167	0.000171	0.00015	0.000196	0.000194	0.000488	0.000252	0.000346	0.000247	0.000394	0.000406	0.000248	0.000371	0.000637	0.000405	0.000301	0.000142	0.000142	0.00025	0.00016	0.000448	0.0003	0.000147	0.00009	0.00021	0.000184	0.000179	0.000143	0.000284	0.000927	0.001	0.000976	0.00101	0.000711	0.00067	0.000666	0.000616	0.000475	0.000462	0.000397	0.000546	0.000539	0	0	0	0	0	0	0	0	0	0	0	0	0	0	0	0	0	0	0	0	0.00016	0.000379	0.00071	0.001098	0.000648	0.000797	0.000505	0.000513	0.00102	0.001247	0.000887	0.001084	0.001276	0.001149	0.001097	0.000743	0.000614	0.000547	0.00065	0.000713	0.000293	0.000273	0.000241	0.000262	0.000341	0.000434	0.000399	0.000403	0.000262	0.000382	0.00051	0.000447	0.000325	0.00034	0.00024	0.000221	0.000287	0.000244	0.000424	0.000422	0.000539	0.000607	0.000262	0.000092	0.000122	0.000157	0.000052	0.00007	0.000066	0.000064	0.000087	0.000193	0.000073	0.000052	0.000104	0.000158	0.000149	0.000221	0.000354	0.001113	0.001383	0.001254	0.001343	0.001301	0.000934	0.000577	0.000478	0.000428	0.000321	0.000315	0.000527	0.000302	0.00019	0.000176	0.000117	0.0001	0.00011	0.000185	0.000249	0.000218	0.000218	0.000364	0.000465	0.000361	0.000662	0.000381	0.000529	0.000517	0.000517	0.000546	0.000278	0.000351	0.000768	0.00056	0.00034	0.000239	0.000096	0.000139	0.000075	0.000126	0.000244	0.000353	0.000348	0.000518	0.000362	0.000362	0.000306	0.000281
0.00253	0.004288	0.00624	0.007243	0.007921	0.009227	0.011443	0.013913	0.009475	0.00939	0.01467	0.068233	0.480159	0.046915	0.029252	0.023811	0.012945	0.011361	0.010346	0.008433	0.006802	0.004354	0.004111	0.003729	0.002981	0.002715	0.002655	0.002033	0.002395	0.004319	0.005842	0.004243	0.002816	0.003509	0.005381	0.003884	0.003334	0.004483	0.003253	0.002251	0.001791	0.002356	0.002281	0.002067	0.003013	0.002573	0.002254	0.003193	0.003012	0.002165	0.001799	0.001549	0.001811	0.002113	0.001985	0.001827	0.001793	0.001728	0.001589	0.001249	0.001256	0.001018	0.001289	0.001337	0.001227	0.000832	0.000808	0.000724	0.000783	0.00051	0.000707	0.000567	0.000398	0.0004	0.000399	0.000435	0.000524	0.000517	0.0005	0.000376	0.000445	0.000367	0.000382	0.000371	0.000465	0.000468	0.000497	0.000414	0.000527	0.000545	0.000593	0.000482	0.000671	0.000627	0.000735	0.00045	0.000274	0.000372	0.000294	0.000366	0.000413	0.000364	0.000263	0.000181	0.000268	0.000148	0.000283	0.00033	0.000419	0.000856	0.000879	0.000876	0.001146	0.000924	0.000905	0.000783	0.000907	0.000769	0.00073	0.000773	0.000685	0.000743	0	0	0	0	0	0	0	0	0	0	0	0	0	0	0	0	0	0	0	0	0.000106	0.000457	0.000648	0.000903	0.000942	0.000658	0.000826	0.000713	0.000844	0.000813	0.001351	0.001191	0.000923	0.000778	0.000824	0.000693	0.000806	0.000765	0.000614	0.000679	0.00041	0.00049	0.000463	0.000471	0.000407	0.00037	0.000363	0.00032	0.000292	0.000426	0.000337	0.00042	0.000311	0.000389	0.000381	0.000444	0.000446	0.000437	0.000404	0.000418	0.000506	0.000491	0.000397	0.000222	0.000199	0.000147	0.000078	0.000112	0.000133	0.000192	0.000195	0.000133	0.000074	0.000131	0.000144	0.000138	0.000229	0.000329	0.000444	0.000972	0.000868	0.001035	0.001071	0.001038	0.000762	0.000733	0.000838	0.000749	0.000455	0.000495	0.00061	0.000416	0.000217	0.000232	0.000212	0.000171	0.000262	0.00026	0.000251	0.000349	0.0003	0.000474	0.000571	0.000509	0.000717	0.000539	0.000784	0.000817	0.000992	0.000893	0.000645	0.000628	0.001091	0.000655	0.000454	0.000335	0.000181	0.000178	0.000097	0.000332	0.000404	0.000384	0.000448	0.000702	0.000567	0.000495	0.000449	0.000308
0.001596	0.001958	0.006078	0.005983	0.010352	0.012293	0.006129	0.012173	0.00287	0.002577	0.004226	0.008731	0.046915	0.492953	0.138364	0.037219	0.007925	0.011728	0.016928	0.005684	0.0069	0.002856	0.003151	0.002565	0.001912	0.001336	0.000921	0.000535	0.000667	0.003847	0.00722	0.002726	0.001225	0.002213	0.006505	0.002718	0.001314	0.004734	0.001969	0.001261	0.000505	0.001328	0.001212	0.00139	0.002316	0.001173	0.001074	0.003269	0.004359	0.003589	0.002757	0.001285	0.000692	0.001706	0.001458	0.001583	0.001959	0.002438	0.002061	0.00079	0.001314	0.001988	0.001619	0.001133	0.001239	0.000956	0.000767	0.000775	0.000871	0.001123	0.000651	0.000742	0.000734	0.000689	0.000544	0.000386	0.000484	0.000443	0.000335	0.000468	0.000557	0.000405	0.000411	0.000336	0.000506	0.000297	0.000614	0.000531	0.000595	0.00045	0.000437	0.000633	0.000499	0.000407	0.000578	0.000519	0.00065	0.000182	0.0004	0.000499	0.000396	0.000148	0.000466	0.00041	0.000153	0.000168	0.000559	0.000533	0.000445	0.00053	0.000475	0.000503	0.001295	0.000567	0.000541	0.001266	0.000712	0.00057	0.000646	0.000644	0.000876	0.00138	0	0	0	0	0	0	0	0	0	0	0	0	0	0	0	0	0	0	0	0	0.000285	0.000206	0.000514	0.000533	0.00071	0.000573	0.000692	0.000569	0.00022	0.00041	0.00143	0.000765	0.00031	0.000187	0.000446	0.000521	0.000562	0.00109	0.000207	0.00028	0.000536	0.000361	0.00069	0.000392	0.00037	0.000182	0.000215	0.00017	0.000359	0.000182	0.000276	0.000205	0.000178	0.000339	0.00043	0.000632	0.000405	0.000281	0.000276	0.00026	0.000309	0.000155	0.000158	0.000176	0.000181	0.000092	0.000071	0.000153	0.000181	0.000244	0.000186	0.000139	0.000134	0.000178	0.000178	0.000116	0.000072	0.000169	0.000178	0.000596	0.000465	0.000686	0.000835	0.000553	0.000244	0.000456	0.00086	0.000577	0.000715	0.000337	0.000176	0.000349	0.000166	0.000241	0.000096	0.000082	0.00033	0.000152	0.000205	0.000332	0.000243	0.000414	0.000238	0.000371	0.000434	0.000573	0.000438	0.00053	0.000811	0.00063	0.001426	0.000439	0.000563	0.000226	0.000243	0.000513	0.000262	0.000139	0.000263	0.000345	0.000349	0.000366	0.000377	0.000356	0.000287	0.000356	0.000209	0.00007
0.001449	0.002603	0.006789	0.007389	0.012279	0.014138	0.006827	0.012175	0.004238	0.003074	0.004974	0.009041	0.029252	0.138364	0.384393	0.104091	0.012795	0.01309	0.016572	0.007335	0.007122	0.00295	0.003628	0.003011	0.002121	0.002063	0.001847	0.001209	0.001247	0.003945	0.007734	0.003524	0.001505	0.002559	0.008408	0.003471	0.001988	0.004909	0.002734	0.001813	0.000993	0.002183	0.001907	0.001971	0.002338	0.001661	0.001408	0.003514	0.004338	0.00352	0.003122	0.001471	0.001031	0.001655	0.001964	0.001827	0.002592	0.002732	0.002193	0.000982	0.001559	0.001713	0.001284	0.001463	0.001393	0.000995	0.001062	0.00082	0.001188	0.001186	0.000761	0.000901	0.000815	0.000859	0.000758	0.000642	0.000604	0.000762	0.00052	0.000465	0.000509	0.000473	0.000719	0.000598	0.000496	0.000503	0.000586	0.000613	0.000711	0.000525	0.000767	0.000729	0.000538	0.000512	0.000658	0.000637	0.000553	0.000462	0.000507	0.000478	0.000409	0.00039	0.000437	0.000425	0.000355	0.00036	0.000453	0.000415	0.000618	0.000628	0.00081	0.000767	0.001209	0.000823	0.000904	0.001049	0.000914	0.000836	0.000763	0.001053	0.000941	0.001925	0	0	0	0	0	0	0	0	0	0	0	0	0	0	0	0	0	0	0	0	0.000265	0.000802	0.000584	0.00069	0.000715	0.00102	0.000928	0.000942	0.000274	0.0006	0.001724	0.000949	0.000435	0.000246	0.00042	0.000635	0.000851	0.000869	0.000369	0.000335	0.000661	0.000586	0.000644	0.000483	0.000502	0.000329	0.000358	0.000315	0.000503	0.000413	0.000272	0.000371	0.000289	0.00047	0.000458	0.000574	0.000432	0.00036	0.000337	0.000548	0.000449	0.000301	0.000316	0.000214	0.000096	0.000262	0.000131	0.000212	0.000215	0.000232	0.000138	0.000185	0.000273	0.000172	0.000211	0.000278	0.000231	0.000314	0.000345	0.000646	0.000539	0.000917	0.001026	0.000756	0.000524	0.000466	0.000778	0.000845	0.000608	0.000531	0.000318	0.000484	0.000236	0.000267	0.000238	0.000244	0.000326	0.000403	0.000346	0.000311	0.00045	0.000297	0.000424	0.000522	0.000409	0.000875	0.0008	0.000753	0.000808	0.00086	0.000867	0.000552	0.00084	0.000319	0.000368	0.000379	0.000437	0.000424	0.000314	0.000482	0.000407	0.000349	0.000517	0.000674	0.000425	0.000546	0.000503	0.000336
0.002433	0.004155	0.00619	0.006554	0.006859	0.008584	0.00811	0.009113	0.005544	0.004448	0.006064	0.010147	0.023811	0.037219	0.104091	0.429105	0.074353	0.018257	0.013387	0.009205	0.007557	0.004771	0.004362	0.003888	0.003106	0.002785	0.002539	0.002292	0.002457	0.004825	0.005624	0.004171	0.002541	0.003793	0.005536	0.003884	0.003053	0.004239	0.003108	0.002169	0.001759	0.002461	0.002291	0.002082	0.002822	0.002376	0.002205	0.003383	0.002704	0.002126	0.002061	0.001651	0.001805	0.002285	0.002404	0.002282	0.001834	0.001495	0.001503	0.001351	0.001237	0.00115	0.001174	0.001326	0.001257	0.001024	0.000812	0.000827	0.000841	0.000496	0.000736	0.000674	0.000476	0.000405	0.000536	0.000558	0.000472	0.000619	0.000546	0.000408	0.000423	0.000272	0.000469	0.000376	0.000539	0.0006	0.000482	0.000509	0.000482	0.000668	0.000648	0.000348	0.000551	0.000618	0.000761	0.000584	0.000386	0.000372	0.000379	0.000348	0.000531	0.000354	0.00026	0.000272	0.000295	0.000281	0.000244	0.000323	0.000496	0.000748	0.0008	0.000964	0.000982	0.001004	0.000853	0.0009	0.000909	0.000703	0.000677	0.000596	0.000701	0.001021	0	0	0	0	0	0	0	0	0	0	0	0	0	0	0	0	0	0	0	0	0.000101	0.000434	0.000859	0.000751	0.000992	0.000713	0.000907	0.000877	0.000705	0.000752	0.001146	0.001017	0.000979	0.000783	0.000692	0.000735	0.00049	0.000566	0.000466	0.000443	0.00053	0.000437	0.000419	0.000494	0.000482	0.000479	0.000338	0.000357	0.000439	0.000286	0.000353	0.000414	0.000374	0.000384	0.000494	0.000441	0.00035	0.00043	0.00037	0.000433	0.000589	0.000406	0.000346	0.000176	0.000171	0.000107	0.000148	0.000147	0.000063	0.000085	0.00013	0.000155	0.000105	0.0001	0.000187	0.000161	0.000218	0.000152	0.000408	0.000924	0.000906	0.000999	0.000939	0.000921	0.000614	0.000614	0.000742	0.000642	0.000441	0.000486	0.000443	0.00035	0.000256	0.000221	0.000146	0.000211	0.000182	0.000194	0.000374	0.000309	0.000402	0.000442	0.000423	0.000466	0.000606	0.000565	0.000602	0.000673	0.000809	0.000645	0.000604	0.000536	0.001066	0.000587	0.000418	0.000308	0.000137	0.000194	0.000174	0.000251	0.000337	0.000439	0.000511	0.000613	0.000593	0.000453	0.000366	0.000342
0.003666	0.005587	0.004112	0.004678	0.002617	0.003256	0.007268	0.005612	0.007058	0.006905	0.007296	0.01136	0.012945	0.007925	0.012795	0.074353	0.471919	0.08505	0.013146	0.011823	0.00917	0.009546	0.006023	0.005875	0.004913	0.004592	0.004929	0.0041	0.004625	0.004443	0.003809	0.004591	0.004231	0.004695	0.00314	0.003956	0.004161	0.003539	0.00333	0.002915	0.002868	0.002995	0.002304	0.002879	0.003616	0.003683	0.003244	0.002453	0.00132	0.000725	0.000744	0.001693	0.002437	0.00285	0.00267	0.001635	0.000803	0.000894	0.000671	0.001135	0.000557	0.000622	0.000809	0.000883	0.00064	0.000739	0.00054	0.000657	0.000508	0.000377	0.000492	0.000349	0.000251	0.000343	0.000282	0.000342	0.000491	0.000331	0.000575	0.000286	0.00016	0.000193	0.000179	0.000252	0.000297	0.000402	0.000333	0.000468	0.000441	0.000521	0.000605	0.000412	0.000589	0.000683	0.000522	0.000292	0.00017	0.000237	0.00027	0.00023	0.000476	0.000303	0.000335	0.000094	0.000225	0.000164	0.000171	0.000192	0.000399	0.001037	0.001211	0.000989	0.00093	0.0008	0.000571	0.000611	0.000587	0.000862	0.000405	0.000541	0.000968	0.000577	0	0	0	0	0	0	0	0	0	0	0	0	0	0	0	0	0	0	0	0	0	0.000915	0.001678	0.002887	0.002498	0.00111	0.004745	0.002185	0.001323	0.00147	0.000707	0.001003	0.001336	0.001434	0.001324	0.000785	0.000441	0.000639	0.000857	0.000778	0.000393	0.000254	0.000127	0.00034	0.000273	0.000473	0.00042	0.000354	0.000243	0.000312	0.000434	0.000427	0.000458	0.000324	0.000239	0.000206	0.000311	0.000564	0.000511	0.000489	0.000476	0.000518	0.00033	0.00014	0.000194	0.00008	0.000092	0.000075	0.000059	0.000034	0.000087	0.000073	0.000077	0.000105	0.000058	0.000113	0.000156	0.000213	0.000471	0.001043	0.001141	0.001247	0.001263	0.00124	0.000923	0.000658	0.000479	0.000434	0.000365	0.000405	0.00063	0.000327	0.00017	0.000118	0.000094	0.000089	0.000161	0.000157	0.000275	0.000188	0.000274	0.000254	0.000423	0.000395	0.000714	0.000519	0.0005	0.000677	0.000565	0.000503	0.000407	0.0005	0.005426	0.000841	0.000483	0.000139	0.000075	0.000079	0.000134	0.000156	0.000175	0.000256	0.000347	0.000485	0.000489	0.000348	0.000308	0.000251
0.002398	0.003736	0.005781	0.006227	0.005224	0.006845	0.008395	0.008871	0.004614	0.003901	0.005148	0.009116	0.011361	0.011728	0.01309	0.018257	0.08505	0.420931	0.075289	0.028644	0.018965	0.009432	0.008693	0.007601	0.004954	0.00385	0.003943	0.002767	0.002329	0.006094	0.008799	0.0056	0.002721	0.004289	0.006667	0.004394	0.003251	0.00646	0.003739	0.002731	0.001797	0.00266	0.002576	0.002553	0.003715	0.002999	0.002169	0.00357	0.002886	0.001867	0.001674	0.001375	0.0015	0.002522	0.00271	0.001994	0.001483	0.001533	0.001275	0.000856	0.000894	0.000923	0.000979	0.000999	0.001142	0.000888	0.00071	0.000765	0.000667	0.000423	0.000384	0.000461	0.000462	0.000451	0.000435	0.000546	0.000425	0.000435	0.00039	0.000352	0.00028	0.000303	0.00033	0.000196	0.000344	0.000387	0.000367	0.00048	0.000441	0.000568	0.000533	0.000472	0.000435	0.000473	0.000595	0.000485	0.000341	0.000353	0.000322	0.000444	0.000291	0.000278	0.000217	0.000239	0.000358	0.000339	0.000163	0.000251	0.000464	0.000707	0.001169	0.000933	0.001195	0.000846	0.00083	0.000818	0.000906	0.00075	0.000656	0.00048	0.000856	0.000811	0	0	0	0	0	0	0	0	0	0	0	0	0	0	0	0	0	0	0	0	0.000113	0.000806	0.001854	0.002028	0.002038	0.00146	0.002958	0.002821	0.000683	0.000931	0.001324	0.001114	0.000919	0.000539	0.00062	0.000867	0.000604	0.000592	0.000554	0.000601	0.000563	0.000302	0.000326	0.000363	0.00043	0.000438	0.000334	0.00038	0.000339	0.000247	0.000338	0.000373	0.00045	0.000452	0.000432	0.000286	0.000472	0.000361	0.000279	0.00045	0.000367	0.000414	0.000288	0.000234	0.00012	0.000167	0.000096	0.000163	0.000141	0.000054	0.000103	0.000065	0.000091	0.000083	0.000055	0.000168	0.000205	0.000113	0.000392	0.000875	0.001007	0.001086	0.001293	0.001072	0.000663	0.000547	0.000684	0.000482	0.000545	0.000401	0.000273	0.000296	0.000092	0.000128	0.00015	0.000128	0.000203	0.000157	0.00015	0.000189	0.000257	0.000302	0.000386	0.000336	0.00049	0.000512	0.000648	0.000584	0.000734	0.000674	0.000454	0.000502	0.009715	0.000684	0.000283	0.000232	0.000102	0.000067	0.000182	0.000206	0.000187	0.000315	0.000388	0.000414	0.000317	0.000355	0.000271	0.000299
0.001412	0.002754	0.008182	0.008368	0.011883	0.014311	0.006082	0.013592	0.002467	0.001952	0.004224	0.006563	0.010346	0.016928	0.016572	0.013387	0.013146	0.075289	0.427699	0.070749	0.029271	0.008352	0.010726	0.00749	0.004267	0.003158	0.002967	0.001678	0.001004	0.007043	0.01866	0.005868	0.001727	0.003081	0.013293	0.00439	0.001968	0.01079	0.003257	0.002475	0.000874	0.002385	0.002064	0.002109	0.003443	0.001611	0.00134	0.003939	0.004996	0.003074	0.003066	0.001109	0.000977	0.001956	0.002162	0.002036	0.002404	0.002634	0.002558	0.00073	0.001471	0.001477	0.001256	0.001173	0.00133	0.000919	0.000871	0.000544	0.000836	0.000731	0.000672	0.000681	0.000587	0.000624	0.000485	0.000508	0.000522	0.00048	0.00032	0.000407	0.000429	0.000409	0.00037	0.000317	0.000342	0.000417	0.000324	0.000425	0.000488	0.000359	0.000456	0.000478	0.000442	0.000433	0.000592	0.00056	0.000479	0.000309	0.000386	0.000469	0.000196	0.00019	0.000344	0.000269	0.000267	0.000261	0.000444	0.000356	0.000319	0.000356	0.000837	0.000762	0.00153	0.000842	0.000752	0.001007	0.000893	0.000491	0.000896	0.000578	0.00088	0.001474	0	0	0	0	0	0	0	0	0	0	0	0	0	0	0	0	0	0	0	0	0.000297	0.00034	0.000662	0.000629	0.00097	0.000998	0.000851	0.000768	0.000213	0.000369	0.002134	0.000931	0.000599	0.000178	0.000513	0.000666	0.000669	0.000862	0.000254	0.000247	0.000521	0.000523	0.000614	0.000472	0.000454	0.000215	0.000273	0.000244	0.000452	0.000373	0.000272	0.000226	0.000265	0.000485	0.000631	0.000732	0.000449	0.000239	0.000165	0.000295	0.000362	0.000198	0.000239	0.000144	0.000106	0.000151	0.000072	0.00011	0.000134	0.000086	0.000109	0.000091	0.000124	0.000088	0.000146	0.000095	0.000049	0.000198	0.000227	0.000924	0.000596	0.001187	0.001655	0.000896	0.00029	0.000347	0.000759	0.000917	0.000556	0.000457	0.000136	0.000285	0.000213	0.00016	0.000289	0.00018	0.000169	0.000176	0.000159	0.000281	0.000163	0.000439	0.000221	0.000446	0.000299	0.00056	0.000538	0.000633	0.000875	0.000774	0.001052	0.000377	0.001011	0.00026	0.000183	0.000152	0.000081	0.000128	0.000192	0.000163	0.00034	0.000139	0.000327	0.000628	0.000235	0.000292	0.000172	0.000115
