5372.971923	2154.834995	179.793724	107.128662	46.689397	56.532695	139.172818	66.172623	83.728892	95.193236	77.851652	74.135138	65.335155	22.760964	43.359232	56.043332	89.282067	49.389266	32.358842	65.949754	41.538218	41.119229	35.850507	45.327125	49.407251	34.235424	45.91626	51.501744	50.787399	39.014402	24.595502	38.111883	47.896378	49.837147	25.370819	31.372897	38.85376	23.37992	32.092458	26.352178	34.515907	29.412492	32.827822	41.357557	39.924936	36.190885	38.958957	27.700334	8.196072	6.149414	5.319858	14.552314	36.475107	22.010047	21.607907	18.428827	8.483909	6.643868	6.07728	10.766824	7.373745	4.22538	9.035251	13.027444	4.33723	6.271734	4.571179	6.60012	4.964248	4.329307	5.260893	5.525273	3.584127	3.680723	3.337058	7.309549	2.962322	6.085037	7.671096	3.949505	6.941098	3.734025	1.313688	3.928216	2.628102	5.04835	6.275791	3.361638	4.834517	7.103485	6.277226	5.052999	3.523857	6.492092	5.050826	2.188383	5.659738	3.623783	5.620163	3.282628	11.320137	10.123179	1.539428	7.015106	4.4506	1.996202	2.716424	3.476238	10.997574	15.224104	15.276192	12.899438	9.068342	10.494918	7.617497	8.32376	4.702356	8.771839	3.061594	7.789646	2.905206	16.758859	0	0	0	0	0	0	0	0	0	0	0	0	0	0	0	0	0	0	0	0	5.202327	0.501432	7.213187	15.028476	3.270424	4.841734	4.298643	7.498139	17.867151	30.040766	7.043412	17.062348	24.686615	28.836652	20.781237	11.143428	13.596981	8.04039	12.611649	18.765972	9.511554	4.835627	4.992508	10.041234	12.473129	7.430838	5.435931	8.197217	8.414834	6.76034	7.557793	15.765719	3.86146	3.85764	4.798116	2.839824	2.886745	8.163505	9.44028	8.606926	12.916332	7.404012	6.407008	9.201343	2.886267	0.929746	1.875395	4.746226	3.806268	1.874639	0.934901	3.861124	1.87117	2.859306	1.88078	0.914661	6.775884	5.761308	6.564428	20.367092	15.347507	25.686032	17.01476	21.471279	25.84155	14.018592	15.127154	11.541837	10.644849	11.761181	21.553288	11.494531	9.529128	1.912825	2.870885	3.841368	5.790031	3.859016	11.572403	2.879927	12.803897	13.239714	84.144708	8.694389	23.130301	14.750136	15.559317	13.115884	13.352828	11.53572	2.807416	6.604036	18.331157	17.814924	14.346055	3.863819	3.809229	0.914393	2.856087	4.828855	12.463089	21.058211	11.743337	19.50975	19.287157	16.228417	19.633832	20.000594
2154.834995	24847.410782	2396.658809	863.285908	356.228445	330.415042	752.58779	291.332224	325.442092	358.626354	276.324336	377.148175	269.719377	53.540663	149.014011	252.487466	425.818468	222.845301	133.64738	239.430284	163.582563	163.027364	142.85218	140.300705	116.062131	120.900022	186.023006	200.247458	243.761309	111.582993	82.881082	165.206762	235.112707	210.268664	66.3054	105.491167	207.245011	64.326493	114.694643	101.757958	128.462438	91.521854	79.516473	145.837464	141.830499	176.002095	189.941801	67.348721	36.724736	19.527014	17.930191	52.140174	83.334043	84.259458	76.658311	51.415901	17.737541	15.208802	15.768176	33.530654	15.207379	18.559217	27.972792	21.111593	19.106006	21.047808	17.436692	30.754506	10.431409	4.732155	13.915672	8.248012	4.009553	3.570142	2.654354	7.652595	12.536809	9.836357	17.863176	6.555144	2.674975	6.273246	5.547125	4.388075	8.487376	14.953619	11.703537	9.583409	9.980948	26.734453	17.06993	13.435328	18.077977	27.904194	18.6855	8.153881	5.37444	10.390948	2.356162	3.222287	19.6206	15.786384	5.271736	2.020583	3.558291	4.795337	6.872151	5.502243	4.96367	38.102385	70.121895	49.23138	41.201615	29.975324	25.354647	16.187745	12.877838	23.477422	12.05312	12.636239	9.176725	29.12592	0	0	0	0	0	0	0	0	0	0	0	0	0	0	0	0	0	0	0	0	2.074567	5.87085	20.272548	67.407216	16.370058	15.43722	6.989712	25.993839	100.096203	88.635108	18.470545	68.560681	75.196429	105.942879	94.88932	22.394304	15.25309	16.221746	41.000027	53.792601	17.595293	7.868284	5.287235	13.467722	8.916944	13.872357	13.321531	16.154405	9.883988	9.694253	11.861001	19.102495	19.190828	15.111223	8.565154	9.517985	11.74095	16.2039	13.452787	16.185941	19.187571	24.585266	10.202713	4.829257	11.626146	5.8054	3.862892	5.792829	1.912457	5.763998	5.591275	10.142779	5.760017	2.886933	0	10.834768	12.383506	11.324357	28.365984	57.097984	80.139943	55.286067	46.176194	71.121887	45.462341	44.286054	18.208032	21.324699	20.624485	28.719926	42.056851	23.007444	6.892562	4.687507	1.895825	4.716832	6.361655	10.05595	17.996027	17.329312	27.854474	12.193819	32.06596	24.586847	65.528508	23.732438	38.708333	37.890114	27.736009	20.453123	10.710568	23.767472	49.318318	70.002644	28.237349	7.694378	10.818854	4.801695	5.349778	9.678473	8.879897	21.028091	24.146963	23.889842	37.137093	22.492946	24.234601	17.674874
179.793724	2396.658809	15437.685638	4342.628087	2124.52162	1802.342034	948.098924	639.130501	194.340494	170.120033	160.856037	352.48166	359.509706	110.934657	377.967309	373.813448	252.416816	316.003605	430.751593	301.309143	207.915238	93.105275	119.181211	101.781301	59.142793	53.704264	57.968618	57.050601	66.956962	130.984276	229.006439	186.839121	63.786593	136.923435	230.024323	125.699689	99.616329	206.495662	113.165531	62.378892	42.558694	65.066381	63.108374	84.624045	81.111175	80.870176	71.697019	110.436041	86.646094	58.963833	59.181167	35.372513	41.002394	50.654852	71.498406	61.047324	38.621817	42.103212	32.365974	25.117704	28.145741	25.835073	24.847105	25.649129	18.39502	20.140935	15.582841	18.306241	13.621342	11.996718	15.444578	8.902565	11.996861	6.630828	5.525781	7.172612	12.965937	7.66321	17.720981	6.420405	3.92405	3.998368	5.141885	5.481915	6.38645	10.796267	6.914179	10.926756	8.574773	11.201584	9.882885	12.21686	13.042056	10.237405	14.460153	14.763266	7.675744	8.636763	5.408386	5.843221	6.506712	8.987841	8.50021	4.745903	2.792259	4.714493	5.854432	6.442054	2.444208	19.086969	26.094777	25.456023	31.48689	18.080099	26.55036	21.621792	18.716855	21.578426	13.22381	15.417834	14.204422	134.717635	0	0	0	0	0	0	0	0	0	0	0	0	0	0	0	0	0	0	0	0	2.485553	9.540642	21.972623	25.501654	9.86502	14.741797	9.888945	19.472995	16.102572	26.186678	30.608458	44.378664	24.24947	25.52723	29.972196	18.378485	13.464089	19.844058	16.82347	18.813214	23.59576	10.80208	11.537073	11.248324	10.858398	10.407891	5.370365	8.034803	10.671458	9.218434	6.821853	8.818841	6.037996	13.062117	18.091238	20.064224	14.322247	16.000329	10.549162	20.675084	11.800863	11.659209	10.878016	5.579851	10.073253	2.891876	2.883682	4.823479	2.880197	5.776294	8.37785	5.576949	2.891867	3.864483	4.809014	6.699123	4.547359	8.495924	10.164317	31.785852	34.559992	55.731872	37.350817	31.786286	17.478155	17.483578	22.516195	26.202746	14.055664	14.827647	16.138756	9.898198	7.489805	4.738287	4.655808	10.440387	6.494603	7.153578	11.64711	11.383362	9.680381	14.763744	19.439928	15.368778	29.343538	35.326038	74.232848	48.563299	34.801444	30.561997	22.72222	26.183232	32.642299	13.265341	18.900466	9.222362	11.356679	9.965158	15.388652	12.013657	17.004045	17.474748	29.873957	31.698624	22.084152	22.916066	17.54206	7.218578
107.128662	863.285908	4342.628087	15735.537096	3965.959649	2314.009356	1502.668212	721.417333	238.199767	177.361441	175.491793	346.625461	425.181047	112.577468	437.38871	413.455941	283.595311	347.293339	461.11406	331.729782	244.07009	91.750587	114.979735	112.815989	60.67832	55.603848	80.829118	53.52215	62.645555	159.286927	255.154389	180.094377	77.319346	140.229145	227.427675	160.304963	93.674176	201.461054	103.704877	63.807027	43.036695	68.251003	57.964931	82.753886	94.75606	71.521643	74.237923	187.183373	118.821203	60.628734	67.995502	61.012525	57.957031	60.794791	79.753883	73.095873	46.392127	44.574865	49.487048	40.013013	29.731229	34.85651	34.259823	40.490869	22.690552	29.147761	21.000714	22.562831	22.741267	10.460539	18.026147	16.547401	6.580786	7.695938	9.29721	13.261849	13.742884	10.496179	18.326112	12.63019	8.261153	7.308695	8.16842	5.122475	9.205712	17.617846	11.675882	12.581799	10.364182	14.850253	12.179298	15.220692	13.238778	17.124751	18.525308	10.154668	10.233833	7.439677	7.651476	13.499397	13.272466	12.155	5.970429	4.397771	6.27454	5.462783	5.670853	6.445156	10.031844	18.87681	32.440112	21.710051	41.822332	24.278151	24.957998	19.628363	22.300111	23.228061	12.808924	19.345194	19.105639	109.046281	0	0	0	0	0	0	0	0	0	0	0	0	0	0	0	0	0	0	0	0	3.874875	8.537977	16.851286	37.751146	11.50153	19.05101	6.627034	18.003465	17.102276	34.71086	27.900825	39.180651	22.604823	16.034427	24.665525	17.785061	14.770686	25.411725	25.318318	25.378937	22.008267	8.814937	7.253963	15.286689	14.714586	14.771964	11.926021	7.770302	4.84664	10.113958	10.351646	9.415659	12.530296	17.033401	12.404158	15.44048	10.607899	13.275181	8.888074	19.707258	19.747571	16.300606	17.048092	8.160203	3.647903	4.836551	2.891845	4.825152	1.918027	3.860551	10.205051	2.751606	1.917307	3.859658	4.791941	5.425068	13.43383	14.742021	19.217501	38.802837	28.24867	47.693169	39.428303	33.405326	16.344446	32.979258	21.888175	29.985083	16.128327	12.725129	19.618179	15.840557	15.863674	5.577017	5.566351	11.708691	10.073721	8.396502	8.418947	12.12035	11.929806	17.485139	20.378887	18.968121	41.594034	54.778465	61.844627	46.029702	37.224509	27.932836	21.906892	22.984665	36.181694	22.189723	24.956008	12.097654	9.328058	8.4205	12.900694	17.016964	12.671463	13.226645	24.819163	38.343569	32.080556	28.476668	16.707322	12.023492
46.689397	356.228445	2124.52162	3965.959649	22836.436993	7724.601676	1106.270773	1187.389805	216.504981	117.532973	166.782853	269.07167	581.223092	251.657884	866.8391	532.827645	177.285903	339.477573	766.534934	332.667589	290.870817	101.809418	135.347293	109.230622	69.335162	48.691168	56.908836	27.010095	37.970208	142.947485	492.64265	141.144471	46.103826	107.089554	548.430361	184.378975	57.355558	296.834829	105.685715	75.780993	23.607505	61.596425	61.857443	73.347991	90.499319	60.020098	40.329447	211.868806	276.994958	290.641165	238.859193	49.803763	42.946413	52.446466	61.924218	78.600636	101.617843	100.245143	96.750321	39.964101	77.668882	78.42629	48.101964	46.825203	58.962613	40.402249	28.795788	27.187804	38.200712	40.957893	24.981058	33.131897	21.283509	19.921519	22.712346	33.109616	28.339732	34.793365	21.364785	14.731849	13.640302	13.731516	13.819207	12.231154	15.163066	15.805649	10.610357	15.930423	25.886508	15.504412	24.202977	20.4594	21.44551	11.908658	27.336717	34.968394	30.374341	13.996528	12.14114	15.994711	12.010135	12.217348	13.502449	8.517386	9.099186	7.495725	14.170711	10.510248	11.716968	11.536561	19.848354	26.676054	48.59555	23.892709	25.763706	32.613257	45.104513	32.957138	35.802913	43.191919	19.223636	248.186006	0	0	0	0	0	0	0	0	0	0	0	0	0	0	0	0	0	0	0	0	9.137811	16.919275	20.229967	23.582295	21.050802	17.581954	13.771777	37.853225	6.92312	18.343858	64.287924	31.035406	17.516879	4.272272	15.946085	25.040526	26.897696	37.021363	12.805797	13.796546	27.49964	23.651858	35.636657	22.017022	27.974968	7.696346	11.333033	9.438058	21.024404	18.64637	11.367625	11.335503	7.726149	16.089586	26.841136	32.102152	19.999006	14.064609	18.246406	22.637658	23.886746	12.72009	11.983212	11.002858	11.650866	9.981533	11.183647	10.901229	7.50576	4.775764	6.449107	7.466203	10.387433	9.433386	8.171925	12.715126	5.468032	7.608812	11.072953	38.545329	19.97661	28.85676	40.561114	27.431828	13.246852	22.816053	45.998284	35.328908	32.412769	17.525244	10.65131	19.627993	14.699011	16.501733	13.509745	18.633503	12.318368	17.90942	12.061241	15.331414	22.419668	21.095231	21.742249	27.430209	24.772059	56.407664	76.584348	63.859722	63.179296	49.746562	64.964274	27.719133	30.157912	13.169432	22.553769	36.667594	30.440947	37.256483	36.813714	44.617228	29.977551	17.924809	41.656329	50.017752	29.524653	48.212947	28.392282	7.151966
56.532695	330.415042	1802.342034	2314.009356	7724.601676	23943.649622	3630.40935	1926.724691	255.661018	154.765674	228.199321	386.131885	731.88864	326.26434	1142.530034	707.02374	234.587772	494.136839	971.040605	374.17963	373.570897	129.432158	155.25676	134.584001	78.802629	57.686917	71.164545	42.091639	32.353071	236.525971	602.798642	179.917962	49.6353	109.827762	669.369431	219.179055	65.363822	410.757796	120.227473	75.568043	25.278357	68.658521	75.755815	80.260098	104.985495	62.055409	59.336595	270.875859	394.854242	334.374866	276.872537	55.008574	51.009269	62.699176	100.866138	110.485174	148.97609	160.164171	140.575906	40.779362	91.312945	80.828593	82.797403	56.446831	70.562571	46.817339	39.805629	30.632173	44.301248	56.125854	31.337643	38.457021	31.430962	27.662719	30.712777	33.714832	33.695521	35.449387	23.345474	20.610498	16.150183	15.496412	19.392587	19.571076	17.618449	20.600444	21.466271	22.109039	26.953533	14.870636	22.132825	29.796299	17.697819	14.887469	27.567248	40.792821	31.84857	17.021151	17.992013	15.118019	15.228389	15.249051	18.014476	12.514137	9.487434	13.66632	19.844785	14.238927	19.85621	21.584087	25.857766	24.138229	56.056822	25.760851	36.434455	44.115414	46.467386	29.852318	41.475378	50.518373	41.132122	209.999669	0	0	0	0	0	0	0	0	0	0	0	0	0	0	0	0	0	0	0	0	6.587549	13.118484	17.672595	35.493033	27.054091	24.524904	13.662825	50.562005	8.482488	14.784027	95.475443	36.562473	17.276798	10.401418	10.060065	30.433462	30.141006	41.175116	12.423047	14.85707	17.789512	45.743759	46.845225	37.219613	23.434057	10.613582	15.187828	11.749444	15.790543	9.414352	9.907522	15.105258	11.928275	25.65847	32.435298	48.543457	21.571946	16.815562	14.323084	28.175804	28.061087	18.380498	15.55473	10.091935	17.490715	16.162686	10.322135	9.582212	9.223974	11.977684	7.492345	5.486151	7.283398	11.783487	13.51007	9.598616	11.630444	13.054653	14.083046	34.873706	27.145512	50.634532	63.560659	30.843062	17.020881	26.061762	54.857706	58.907101	34.045434	20.514682	12.087995	22.232446	21.925329	16.818053	12.4877	17.489874	21.745656	25.451961	18.391062	19.539281	17.997666	24.630784	23.649715	30.273625	21.864174	52.788924	92.474589	70.732347	72.51399	48.15668	76.266039	27.021606	30.099516	19.845462	20.034986	39.48278	36.892435	33.808735	34.826792	45.23341	49.92734	27.494783	43.287832	55.102196	31.566737	45.997386	27.334552	9.585783
139.172818	752.58779	948.098924	1502.668212	1106.270773	3630.40935	38442.09362	7086.393202	1871.047453	927.111302	828.881937	1085.354739	1135.938589	191.828795	614.677803	816.250939	748.761993	729.807508	508.112564	669.108274	490.058927	307.480149	299.646431	294.020228	202.213329	216.126896	218.348239	174.403671	235.791397	316.380009	314.061082	427.98135	290.44459	408.898909	284.475823	330.062781	393.770086	347.613244	344.424736	179.742274	172.32666	181.102468	179.129435	237.735157	290.7604	250.758365	346.825256	363.111251	156.663272	85.554635	65.769168	166.090597	216.292275	266.755516	313.55056	210.504162	70.712309	60.064002	70.620624	117.734592	67.441112	52.484865	90.583772	85.128028	59.410616	61.008038	46.151455	64.747271	41.142798	18.56226	41.458145	20.997867	19.722227	10.143405	12.612806	19.194664	28.281664	20.755987	45.955329	16.43381	14.788315	15.896984	18.492488	14.725228	20.440993	39.046261	30.896958	28.652789	20.666606	38.614805	50.534679	29.432066	43.391325	66.851981	38.517849	27.441046	12.717614	11.576792	8.510379	9.010852	37.75612	32.948278	13.646373	10.875263	11.390436	8.62572	8.747011	10.49509	18.146089	97.17595	126.282017	72.487755	76.631054	65.982224	57.72098	45.212524	46.549956	60.594428	33.565662	52.083197	42.186379	40.329702	0	0	0	0	0	0	0	0	0	0	0	0	0	0	0	0	0	0	0	0	1.805387	7.221569	39.376155	98.786406	33.151551	41.1139	13.991512	29.865934	64.308482	96.392866	57.04089	87.915264	75.14901	69.363781	94.272721	50.8239	23.663648	43.832908	56.345913	61.722597	48.307263	20.210086	14.518882	35.159934	25.987536	44.077364	22.261705	26.254612	18.822691	28.921804	19.300198	27.536657	30.469012	32.658	23.519019	22.06382	27.479537	39.188836	50.787014	44.521626	58.164937	34.440509	24.622258	17.809507	10.694914	8.095499	8.218458	9.38927	5.396661	8.838218	10.410907	14.685188	5.484901	7.512785	3.721229	8.227762	13.271462	21.372912	52.143616	102.319143	112.938305	123.778038	121.818589	116.735922	58.46203	66.819281	54.848158	38.233516	36.360507	41.939546	64.9767	34.980322	18.899697	13.136985	7.976674	11.519242	13.527842	20.860458	24.958245	32.815027	31.614364	23.058325	53.232288	53.425391	95.392552	51.978449	88.691005	105.574352	89.912824	93.837222	34.395489	59.815098	90.516934	84.10108	63.115459	16.030806	13.841326	6.170812	12.345648	17.659912	28.563177	38.088194	72.116124	73.277794	79.383181	47.325989	27.475893	13.68614
66.172623	291.332224	639.130501	721.417333	1187.389805	1926.724691	7086.393202	30273.460682	4854.73636	998.663629	873.825923	1072.792711	1102.980881	337.383807	1009.122691	805.484899	517.012789	722.358763	1051.071793	584.176641	611.410863	204.478247	332.383303	279.944965	172.992791	126.618971	165.907522	92.961113	90.115597	354.436142	629.926642	298.965614	142.747497	249.578345	557.15913	268.852609	164.169206	534.603948	241.33201	148.168556	69.850394	183.766346	145.904749	174.171211	270.798545	175.553272	148.915252	276.895222	248.316247	145.915703	128.441926	88.985256	116.294118	174.818301	221.486657	151.326921	125.991819	120.854167	110.644281	72.164164	74.337176	66.71081	94.521793	83.32312	76.263805	55.940925	40.069866	38.676081	45.336242	25.826413	33.11387	35.295544	24.760403	20.232875	18.534191	28.631402	30.030035	33.272575	20.741738	17.989816	17.438543	15.252632	15.843619	15.885676	19.13718	24.38294	29.678519	22.660267	31.275213	27.456754	37.507366	34.764366	31.121435	33.629704	43.756665	28.227913	16.953601	15.321324	13.486053	17.978486	16.80369	17.351108	17.012692	9.950556	10.14907	9.197691	11.172107	17.53651	17.044837	35.95499	82.936915	62.375184	103.873656	50.651049	57.639082	64.681926	51.25718	40.918507	39.015807	36.335741	48.738576	65.158714	0	0	0	0	0	0	0	0	0	0	0	0	0	0	0	0	0	0	0	0	2.801262	9.223099	29.663755	60.029627	39.285887	36.624187	14.225961	35.479602	23.833642	42.6903	107.008174	68.830617	42.55101	22.426511	36.196476	60.068067	31.874823	46.051369	27.627514	31.177102	34.836757	23.305377	24.852423	32.414032	24.823606	29.673523	23.407813	25.719468	17.096742	31.26475	21.85782	22.463682	22.422879	32.718967	43.51764	35.550062	34.798634	24.627377	30.158166	45.678706	37.336941	36.62364	31.134737	16.187583	9.628933	8.61191	11.322797	11.293576	8.368945	6.457783	17.874115	6.520568	6.600889	13.312093	7.821666	10.358113	6.821429	22.67213	23.49015	99.634021	100.572447	134.056293	133.262031	102.542912	38.985964	57.739162	64.310018	52.519329	45.987574	38.702607	25.718832	22.453915	23.518627	14.791428	11.618255	13.952805	11.294276	16.94582	22.435338	30.620267	31.025346	45.632712	30.507383	33.582819	50.186185	60.27872	92.02553	89.84553	98.685624	99.818202	77.419155	46.380361	55.505519	34.5551	34.624151	24.687287	12.36681	16.15368	23.270283	17.138072	22.379605	29.171045	44.630174	73.354768	54.080297	24.019424	13.102021	7.459556
83.728892	325.442092	194.340494	238.199767	216.504981	255.661018	1871.047453	4854.73636	61074.002728	8409.739599	1860.10169	1276.223026	913.863476	98.291936	376.104842	590.32678	848.764929	412.413039	191.509822	380.680652	324.252457	340.147165	280.742169	372.030822	287.483518	279.657279	285.304434	295.353716	394.649185	232.715289	134.922301	294.810911	383.241133	340.991429	134.47904	243.864687	340.531628	129.388238	226.047843	193.493056	268.124638	262.384137	204.727593	236.323271	264.55764	285.203536	364.59706	149.177187	55.823222	41.966963	36.730216	140.815366	244.967369	256.008465	211.19868	122.791565	59.702037	39.764924	48.807354	100.583085	35.379544	36.774791	68.311829	80.913668	43.655957	51.389682	35.84608	57.040167	35.892999	11.281791	30.798678	14.68563	9.379267	8.616752	18.030136	18.553169	20.303653	19.123325	38.303967	15.322773	9.436773	12.616769	20.132367	12.759582	20.494324	35.516777	28.069786	47.743729	21.853015	35.835782	42.216742	29.268343	53.774337	85.643337	37.205592	20.460346	5.973979	16.942772	13.742322	7.892179	53.75818	43.854048	11.2772	7.545527	11.125756	6.092266	8.968669	11.725627	18.58595	89.087258	123.308753	86.886441	85.676353	72.690145	69.339617	37.653255	48.435551	83.822838	31.379416	16.673547	32.031923	29.269671	0	0	0	0	0	0	0	0	0	0	0	0	0	0	0	0	0	0	0	0	1.377417	7.989471	35.866312	111.786111	15.845783	29.289616	6.130064	35.061048	108.430841	106.421511	49.947902	100.08836	103.492061	100.775655	106.666788	64.509404	35.110832	28.519041	65.650191	75.712304	36.481747	14.914736	11.670697	26.509589	12.306879	60.519873	29.283398	39.945608	19.95002	28.338469	38.813029	40.291007	36.819914	31.374284	13.802409	12.716449	24.055218	46.447975	71.479815	69.530844	66.118106	88.123142	39.256688	16.80965	19.93925	10.858439	3.836136	6.72419	6.611186	8.431675	15.299512	9.204295	9.98621	8.710218	7.093865	9.908731	22.896178	24.669971	73.077325	102.478509	137.504786	128.552253	114.359123	150.36057	111.163091	116.918136	40.802991	42.522304	37.468726	66.836654	113.341814	46.961632	17.2547	12.728731	9.726863	12.555894	15.361536	31.029052	30.489053	39.911541	39.801229	30.363774	63.989594	34.097608	93.537267	56.097889	43.820985	73.887991	64.318654	61.332508	28.141889	52.947141	102.198999	133.139707	68.485954	9.828117	10.598207	9.068653	7.570193	13.977174	22.02766	35.24798	47.55983	60.75898	76.83954	35.214215	24.25295	12.12236
95.193236	358.626354	170.120033	177.361441	117.532973	154.765674	927.111302	998.663629	8409.739599	53843.630261	10656.352759	2297.672286	878.132984	82.80363	263.899335	450.975773	804.643449	338.395653	159.36856	361.301136	268.948985	350.495194	293.320521	375.295213	293.744417	301.478682	375.797573	393.724971	417.065983	202.780262	103.628002	271.681868	390.802177	288.402704	91.403594	172.718719	311.842705	109.047436	195.84748	230.616936	303.8193	239.794179	159.897849	243.05159	244.427793	291.581971	310.018802	96.133247	40.352759	18.516703	20.73744	81.469225	187.392183	184.602647	152.289521	66.333007	36.571542	27.016791	23.800907	47.344872	24.669093	19.464531	39.039678	41.040899	23.209121	27.815443	29.794129	36.894804	13.312197	12.49393	18.004546	7.188192	7.4504	8.645188	8.564524	9.859725	15.25636	13.080011	24.174208	8.245774	7.30461	5.77053	5.537596	10.346244	17.522916	17.205452	16.461315	30.360646	9.003424	28.104093	35.309955	20.631204	43.797038	63.183738	24.799707	9.434553	6.646803	10.932673	5.861252	5.566748	32.431594	17.969354	5.345709	3.977794	7.813539	4.890898	2.933841	6.607976	14.186141	72.945988	110.927518	80.870492	55.418854	60.54341	46.362769	23.307268	24.646291	35.177443	25.61127	13.587395	18.70047	19.470251	0	0	0	0	0	0	0	0	0	0	0	0	0	0	0	0	0	0	0	0	3.016373	4.708331	22.169306	98.161119	19.278179	24.237178	7.796057	32.707938	140.909578	109.148048	24.626875	83.134093	107.217876	124.388404	123.050182	56.071385	22.734223	21.299402	66.126998	69.243106	24.295911	8.41681	6.149031	8.606678	11.614735	43.882171	38.061726	35.456267	21.13213	24.086365	33.166384	30.079837	26.20243	25.18119	18.173935	3.69501	14.489871	31.385389	46.742204	43.087879	60.068711	63.925045	21.078426	13.852028	6.159171	3.776651	9.388713	5.718298	2.879502	6.290582	13.682838	6.153278	3.75534	3.751414	10.06215	9.847869	22.771687	21.197129	57.121873	86.190362	146.037674	118.963277	124.710807	141.795925	124.217779	87.761542	35.038794	30.329697	19.365229	39.224293	92.491965	33.834785	9.0186	8.942333	11.871755	7.545504	9.736712	17.797644	27.177747	22.53726	27.573633	23.165355	53.800331	28.811542	91.190776	27.370507	38.859681	44.869755	50.539239	40.265537	14.284854	32.046341	96.787899	109.782155	49.052814	9.132458	8.20076	6.449401	5.09605	10.324706	9.768842	18.819704	29.61736	40.32892	41.161008	28.561522	11.191892	14.184115
77.851652	276.324336	160.856037	175.491793	166.782853	228.199321	828.881937	873.825923	1860.10169	10656.352759	47797.560317	8806.655628	1327.008889	129.996306	421.574849	575.44891	835.246371	463.410796	315.761201	492.180431	452.165568	417.940479	300.236625	395.922758	245.830476	277.461513	356.38507	307.0942	327.734137	259.568067	189.829208	295.788489	310.395454	283.245667	139.746786	209.156186	315.405527	175.026303	216.019001	222.288258	228.381072	231.972442	174.893579	240.183849	321.26996	230.095277	252.728123	130.816283	62.016535	32.579849	37.829705	90.171158	187.418885	218.940447	207.437761	98.903353	31.327033	36.726048	32.146973	57.362891	29.12806	25.384947	52.93333	50.231777	29.528524	40.371804	19.481458	31.77138	22.376442	11.141785	24.644172	11.376983	13.000642	10.954937	11.73195	9.100994	12.033196	16.97259	26.311425	13.665641	7.228631	5.885382	11.49137	9.36814	12.798216	23.103085	16.204828	24.076348	13.371779	33.653582	25.411921	20.93436	24.448867	47.83127	34.811699	15.998789	6.106573	9.554798	10.980211	6.707665	28.147953	19.077765	11.04989	6.605023	9.976362	8.206626	6.954603	8.905294	17.000087	72.372553	107.817211	63.962392	65.579863	53.887928	47.640008	32.07332	19.158952	31.629358	23.590831	21.619365	21.587235	22.860367	0	0	0	0	0	0	0	0	0	0	0	0	0	0	0	0	0	0	0	0	2.254457	2.894944	27.615103	88.387038	28.004491	23.552024	12.032334	21.061527	105.177596	93.282756	38.27176	82.528643	118.33719	121.980271	101.6046	43.482804	26.25889	25.933614	52.125928	46.40373	28.228189	10.909171	5.437699	14.73081	15.792244	41.463949	22.788248	36.902468	15.778233	22.666893	26.223406	32.049438	29.077285	18.696398	10.059338	19.257802	20.02528	25.450732	36.92664	31.019021	55.842591	62.644834	20.245117	19.06909	22.160918	12.22693	5.807701	7.687442	8.663365	9.077858	7.899345	8.271502	8.535663	12.31262	8.201086	14.633894	22.305416	24.621937	35.688887	118.70201	130.300724	132.321434	138.396301	130.606548	62.25855	80.513756	35.442984	28.094179	27.067936	40.824628	69.020365	18.281596	8.560626	8.195784	9.468216	6.313436	7.859837	12.179259	14.620587	24.947316	22.548994	27.885142	38.663351	31.222717	76.258187	33.27385	31.071253	49.221979	46.730443	48.173238	20.623711	26.889378	72.917497	94.01597	42.611416	14.985352	9.335206	9.262683	10.714197	9.773578	15.041488	21.383046	30.802152	38.107887	37.513833	19.780593	12.781067	11.362785
74.135138	377.148175	352.48166	346.625461	269.07167	386.131885	1085.354739	1072.792711	1276.223026	2297.672286	8806.655628	45624.744526	6611.592694	266.056394	853.654071	1053.153035	1269.876059	879.518392	570.154727	759.689641	607.029934	412.544227	418.093913	400.910571	247.939568	260.450186	350.411938	275.099392	281.161384	322.450841	345.206775	381.794511	320.25076	350.41573	263.686383	301.491848	352.064255	332.311556	361.164106	246.108389	209.751873	226.565819	174.218788	288.149471	357.64594	305.130467	287.017788	193.277069	79.720888	45.084261	45.016046	96.748446	166.182591	223.970284	206.403117	111.323661	55.357095	44.244165	35.341714	61.093396	27.476993	28.539652	41.746823	46.798148	32.510008	41.217736	22.268822	32.555367	20.455909	9.646853	12.231332	12.411767	9.639044	11.089586	14.138497	17.443577	13.457848	18.639045	28.387719	7.676286	7.181184	7.720317	7.663545	8.530199	11.239866	36.583673	14.475347	23.929479	13.129583	25.941762	27.606728	14.913256	27.100305	51.900678	27.748537	18.749737	6.072631	7.42609	12.199945	7.803809	32.299704	20.951612	6.520554	2.851424	7.481614	9.733666	7.261702	6.500907	13.561468	79.340041	91.301698	81.842152	85.946707	59.664155	52.365414	43.110933	41.84986	37.231561	28.762475	21.581225	30.25553	27.45136	0	0	0	0	0	0	0	0	0	0	0	0	0	0	0	0	0	0	0	0	3.339276	5.768043	29.560046	94.769933	24.56757	37.041367	8.938874	25.482737	95.272981	115.242174	56.812204	95.266801	115.34899	106.984665	103.480388	57.483256	37.591051	37.516936	59.69869	57.039983	21.647797	14.20527	12.634933	19.999023	22.457648	37.49794	31.870185	31.596526	16.250395	27.995011	37.077559	38.392433	24.564635	26.270407	14.695325	13.130963	19.994283	19.25359	34.895016	37.243235	56.314484	66.264405	22.556377	7.508782	10.963682	13.36919	3.799299	4.597646	4.818673	4.641105	8.152923	16.988052	5.499478	3.800258	7.338824	12.940536	14.114757	21.370181	36.330667	127.055451	153.786695	146.072714	150.918766	143.497388	84.103448	57.452561	40.931655	37.478859	26.214301	30.649257	59.081232	26.904196	18.218146	14.138175	9.031118	8.577752	9.453226	17.026831	21.031543	20.057779	19.209659	29.307815	45.976068	29.537598	77.664004	33.864235	44.412842	54.857155	50.366655	54.946895	21.034621	31.086218	86.656316	60.982513	35.927258	19.470809	7.198833	9.984871	6.006971	10.173711	21.122463	26.48898	32.082787	51.714865	35.824267	28.421073	19.993164	9.888085
65.335155	269.719377	359.509706	425.181047	581.223092	731.88864	1135.938589	1102.980881	913.863476	878.132984	1327.008889	6611.592694	42769.534998	1613.652617	2851.255862	2765.485178	1452.906291	1038.103347	930.634832	890.685005	666.086011	359.823527	351.240866	349.237137	234.057533	220.156816	226.167903	180.23701	252.709021	409.899456	517.68012	446.88769	286.781421	377.782959	490.697409	393.619917	359.14417	408.46605	341.690393	217.617385	168.77267	224.299764	214.483672	201.080296	291.764586	253.367516	236.652453	303.338471	221.405769	131.028109	107.387033	141.154606	171.782613	187.063154	182.000781	157.694514	121.104461	111.541223	104.531791	99.924526	76.136165	59.325975	94.582651	93.890219	79.928951	57.733812	49.049331	50.360934	52.561399	22.899838	41.429326	28.532754	16.779837	16.325934	18.53903	23.339743	30.70328	29.252687	35.489575	18.601873	19.725529	17.046763	20.248705	15.82775	27.500871	34.892694	30.625079	29.570176	29.069503	38.397199	43.156195	29.85173	51.699243	49.040132	52.248253	28.179607	11.654668	20.271773	14.301803	17.509788	30.639078	25.524952	11.705612	5.689332	9.059045	5.788196	10.616943	15.739619	20.419027	71.140525	77.765899	72.489529	100.285505	78.904699	71.375612	53.969209	67.593925	62.852333	46.49002	48.208555	38.155275	38.881854	0	0	0	0	0	0	0	0	0	0	0	0	0	0	0	0	0	0	0	0	1.220829	6.210374	27.349692	77.568374	35.548655	27.755488	13.672464	35.408181	75.804414	70.846667	88.003217	105.607484	81.058752	64.513887	72.679306	53.761177	51.764597	52.195693	56.056853	54.360988	30.441937	27.437297	24.316061	37.401793	27.015189	31.683894	28.930995	25.329199	17.577619	31.81132	24.542124	35.874394	24.216491	30.656072	24.279018	26.229014	31.969801	35.038173	32.971332	36.512569	42.530871	52.024994	33.848118	17.675029	17.093774	11.782657	5.727064	7.633671	9.399523	13.128007	16.345231	11.444358	5.386114	9.58673	9.758657	10.915951	21.063303	30.941967	46.172685	106.849557	91.615013	118.670314	118.010866	112.401296	68.461829	72.3307	77.076176	65.599409	36.932019	49.563281	67.246591	38.505845	18.184636	17.178194	15.824062	14.078616	20.85736	21.267871	21.260248	30.466371	26.061366	38.905963	56.942379	44.153872	82.865769	48.540078	64.974471	88.457478	100.69899	92.383769	49.70574	61.333535	124.81689	71.971112	48.347272	23.99282	12.629472	11.391645	6.833114	23.939213	29.582841	28.447238	43.202055	70.318835	56.53236	41.547227	26.026438	10.37914
22.760964	53.540663	110.934657	112.577468	251.657884	326.26434	191.828795	337.383807	98.291936	82.80363	129.996306	266.056394	1613.652617	6480.814284	4985.272419	1288.290459	269.840277	337.219068	474.553856	193.527357	227.479008	102.67272	109.628818	104.956263	73.860407	54.403809	39.988401	24.611249	29.299534	109.841993	194.605117	86.086605	47.868564	71.321146	194.523742	79.306143	40.883964	125.843871	58.692246	37.951049	18.12222	38.111868	35.752773	40.723409	67.590365	35.756091	34.190393	88.968312	103.274101	75.355031	57.392	36.364402	20.201888	47.653845	40.632956	43.702082	49.688915	61.679988	50.298344	21.478587	29.400768	43.104191	43.74801	28.72769	29.959205	24.13451	16.663375	18.668105	20.817804	19.641025	13.563536	13.552807	12.627247	11.321458	9.773954	7.48007	10.329664	9.52797	8.227238	9.180267	9.597866	8.572336	7.822347	5.387001	10.639673	7.223239	13.215959	12.634245	11.53333	10.585838	10.402673	13.347572	12.581371	11.037339	14.214052	11.556784	13.015181	4.614769	11.8485	9.373747	11.164056	4.085023	8.612333	7.004925	2.741456	3.339742	8.625141	10.460773	8.677477	12.77446	11.423432	11.669684	32.614841	13.19564	12.005866	26.989841	15.619458	13.501933	11.975934	12.042431	14.32099	23.777735	0	0	0	0	0	0	0	0	0	0	0	0	0	0	0	0	0	0	0	0	3.487754	2.588252	8.114222	13.65902	9.246712	8.377409	5.040283	9.979223	7.248233	11.188371	29.702989	20.226754	8.192867	5.640025	12.900038	13.503076	12.861767	24.15423	6.324648	7.608731	13.116361	8.908583	13.739069	10.397967	10.602529	6.860993	7.887113	6.74817	12.647568	6.745268	10.431192	8.800847	6.894303	10.280775	13.373418	19.398904	15.30933	11.316112	11.669694	8.891735	10.11288	6.310147	6.719079	6.783153	6.776406	2.852849	1.86969	3.793629	4.769923	6.773191	6.767364	4.836529	3.822312	4.771217	4.792942	3.86144	2.856295	6.777098	8.642596	24.961745	18.92546	27.466427	29.915404	23.353812	9.299262	19.270343	31.918761	24.430343	26.779053	14.980734	8.612151	15.063563	6.580626	7.754216	2.869746	2.8552	11.616576	5.797819	8.51347	14.484062	10.663213	15.764845	9.923637	13.324348	18.066127	17.671068	13.64309	19.294506	26.177611	23.662069	48.340473	17.814782	21.710666	10.43283	10.798535	16.465275	7.753794	3.837332	8.664744	12.249748	11.561264	12.81877	14.484161	13.148505	10.918424	13.053515	5.591416	0.913965
43.359232	149.014011	377.967309	437.38871	866.8391	1142.530034	614.677803	1009.122691	376.104842	263.899335	421.574849	853.654071	2851.255862	4985.272419	33779.467117	9869.045293	1253.273939	1178.329712	1470.433547	681.620469	686.766974	252.112806	292.262703	274.362669	162.157914	173.246564	169.977655	115.943113	127.09891	362.70502	693.28263	345.055123	131.580844	251.359714	778.911792	347.814236	179.461257	458.775936	274.622196	155.184719	80.946367	184.462206	180.623574	169.194511	199.336124	138.608008	118.282279	332.312154	339.047232	225.860252	215.250215	127.395865	81.280213	122.480764	147.904679	139.034539	173.804924	199.76515	165.21972	74.874014	96.010045	104.46533	96.555763	103.850236	93.225632	68.333957	64.052305	55.076542	77.429095	54.440175	44.190485	45.470555	34.279013	34.778586	35.013803	34.707076	35.659783	43.83304	34.202115	23.592646	23.388886	22.65024	39.606482	26.782701	30.281641	36.933151	34.516579	43.624775	40.251746	36.634275	55.533229	47.283844	40.648647	36.960625	43.843264	40.262997	24.489183	25.258601	25.571088	22.970122	28.698268	27.061332	19.984638	14.676181	12.720631	14.175503	17.011536	19.859575	31.036451	42.829189	64.506248	64.269267	104.194629	62.047937	69.260183	76.009041	68.892167	69.418033	47.145025	66.978147	52.255929	101.832353	0	0	0	0	0	0	0	0	0	0	0	0	0	0	0	0	0	0	0	0	3.379245	11.074534	22.576464	52.637719	26.919007	42.397509	14.999034	42.186253	21.331425	48.238064	116.666272	79.887372	34.441453	18.283493	33.972166	48.824683	54.975023	59.296148	31.913261	25.28073	48.708516	33.309133	34.368252	36.527318	33.577078	27.427988	28.361703	24.505525	31.396027	29.599432	18.900176	29.948896	20.559412	38.488832	30.541742	34.865409	29.017213	28.392206	26.54629	47.119367	37.607576	26.206796	22.57457	20.180039	8.907654	20.266191	9.376812	13.787035	14.631059	16.677763	12.431129	15.3994	19.682401	11.859896	13.674278	21.006842	22.164472	28.461314	33.206028	64.2922	49.118441	98.21386	109.563435	75.981961	41.933121	44.144383	72.204426	76.431752	50.271744	50.340589	31.185327	43.526032	20.244806	20.238982	16.588672	19.285924	25.788755	32.504773	28.923583	28.108633	39.758222	23.78683	39.843183	42.061556	43.093415	76.047733	62.744523	80.729311	81.079418	88.162042	71.640238	52.971345	92.363747	30.007135	37.2263	25.344764	26.954686	24.7442	20.424631	34.756922	28.875214	25.427988	48.051764	68.192912	41.300568	45.086204	27.944045	11.880278
56.043332	252.487466	373.813448	413.455941	532.827645	707.02374	816.250939	805.484899	590.32678	450.975773	575.44891	1053.153035	2765.485178	1288.290459	9869.045293	42260.861266	8358.829944	1702.296411	1236.146409	983.480756	728.195213	437.937911	367.375251	361.517516	261.671104	245.194532	244.874161	204.661019	259.264331	480.777635	530.654708	464.012856	276.30984	430.452181	529.78962	417.130371	349.141143	412.522784	342.836943	222.235963	172.158286	245.959362	224.270279	213.27216	293.691322	245.727303	246.177605	341.372627	205.864295	130.786067	126.364134	168.52482	188.328298	219.512494	242.368907	211.071633	132.619043	105.519793	107.542739	124.678846	79.618339	71.860107	93.487051	99.383084	88.780622	77.304702	51.723465	60.138952	58.267193	24.194041	45.467429	35.479217	21.29799	17.444433	26.221877	31.46978	28.989965	37.193501	39.2236	21.911017	20.245118	13.175174	26.777707	16.86798	34.816794	47.274274	31.215534	38.405734	28.55657	49.645744	49.607606	23.670722	44.159095	53.053401	57.369853	39.912334	17.471445	21.902464	19.646897	17.499758	40.918004	26.140212	12.662534	10.610215	11.159349	12.329266	9.973351	16.268968	25.710815	65.16682	76.563436	86.765468	90.806536	91.01408	71.524065	68.764986	73.806711	61.905599	46.729734	36.183781	41.846192	56.41152	0	0	0	0	0	0	0	0	0	0	0	0	0	0	0	0	0	0	0	0	1.732625	6.065968	38.182873	66.932617	39.743106	32.12414	15.562101	43.261147	61.295723	68.683872	77.788662	93.98056	90.682726	69.876141	63.798565	60.934925	33.264295	40.770265	44.901318	36.347221	41.725764	25.679518	23.189909	38.842498	33.487853	42.191821	28.805969	29.465853	29.078546	22.906567	27.08335	37.234729	30.681318	33.357512	34.940406	28.425214	26.148095	36.160499	31.673941	39.444029	52.221765	38.128201	26.635804	11.58775	15.624497	9.064343	11.20799	10.111954	4.740625	6.322893	11.947747	13.560207	8.171925	7.381115	12.770744	12.285791	20.921143	14.699008	45.600191	107.182994	101.319452	120.090586	108.972139	105.052547	57.175878	65.489582	73.910591	60.92812	37.62943	51.438669	52.346314	32.963461	21.742591	18.735999	11.194653	18.32545	15.258743	17.034968	33.324453	28.743817	36.689926	39.385591	44.887321	41.167927	74.407229	53.675719	53.040497	76.395321	85.839626	70.305918	53.364004	54.161978	129.393017	66.751072	46.763621	22.648705	9.466337	14.3962	12.480866	18.999967	25.312208	35.359753	52.896611	66.007383	64.794863	39.392071	25.94387	11.821912
89.282067	425.818468	252.416816	283.595311	177.285903	234.587772	748.761993	517.012789	848.764929	804.643449	835.246371	1269.876059	1452.906291	269.840277	1253.273939	8358.829944	53346.190433	8421.23576	1157.403381	1402.471681	981.061948	1038.076703	633.990515	680.600786	493.725956	487.215794	577.610475	479.4197	574.654089	469.190635	317.917649	551.186702	528.781479	574.056538	265.77451	433.883412	514.069504	310.984345	382.884136	337.592359	343.108824	330.482067	223.831737	323.162287	432.091962	450.964608	416.970739	229.834712	97.005869	49.030191	50.112284	159.644602	303.593036	335.737182	312.756917	163.785316	61.630162	69.249238	53.400973	102.975398	40.803369	40.374794	65.252108	67.256229	46.239351	56.412466	36.817692	50.50837	37.303463	18.666641	32.420496	19.599275	11.863339	16.028304	15.223411	20.792071	32.440498	21.312432	44.33539	16.329933	8.295161	10.613464	10.37258	12.032634	19.961839	33.612558	22.878888	37.859942	27.771094	41.34925	49.630261	30.130312	50.715331	60.036203	44.735738	20.817526	8.136701	14.442108	14.832722	12.193059	41.092238	23.748544	17.874533	3.625091	9.523117	8.38545	7.91124	10.08053	21.784474	106.682725	130.023716	93.171781	89.274425	76.817045	50.297287	46.767438	45.490811	78.25683	26.488397	33.590087	64.917681	33.112126	0	0	0	0	0	0	0	0	0	0	0	0	0	0	0	0	0	0	0	0	0	13.964071	96.149546	373.605436	138.644974	55.981824	116.897386	140.384647	146.193355	157.324969	50.099075	102.406268	144.167403	155.807485	148.18411	68.690489	31.276431	49.049651	92.737071	73.923681	32.915114	14.759598	6.60006	28.570308	19.184885	45.95045	35.516685	31.72541	16.674368	26.015212	37.13401	40.661404	39.358028	27.921825	16.357783	15.859653	24.739965	51.346406	48.067593	47.659227	45.486827	52.861156	28.633862	10.252039	13.061541	7.464779	7.468434	5.781722	4.782269	2.726215	7.880007	6.546228	6.634093	8.589039	4.430649	9.654358	14.578124	22.614043	57.556111	133.242392	140.972953	161.580476	158.842058	152.871381	97.702639	74.326479	45.953386	43.558296	34.48749	46.2613	83.2551	32.406358	15.696889	9.902291	7.85482	8.853746	14.860431	16.092842	26.026344	18.599409	27.130597	23.642827	48.403841	38.747981	94.349939	51.537894	47.248573	80.543077	61.974263	54.966582	34.537353	51.510716	622.129146	107.319815	57.804844	12.334827	6.245531	6.662624	11.042896	14.675643	16.320254	21.232736	38.038464	55.257272	56.556426	30.304586	23.726145	10.404377
