7108.119209	2837.406356	171.77823	54.865481	45.812121	72.117502	91.267562	135.320903	83.539068	145.466447	87.891671	64.583332	74.469475	0	30.577534	77.518625	121.093367	114.083278	26.75756	120.534167	82.133958	64.399492	46.299569	70.361769	52.005697	81.437875	58.825514	107.378322	82.888734	13.511187	8.623819	48.585396	85.06157	74.606763	8.647032	18.270867	39.827908	29.003646	53.082561	32.613746	43.204446	42.299552	23.964246	34.322059	113.35786	73.913082	57.042927	31.636468	11.896681	6.932653	7.068894	26.591155	56.744719	50.630961	69.301323	38.485325	27.033199	6.682444	0	24.813414	14.917428	0	0	7.098333	19.01678	16.393381	0	25.745397	30.214884	6.300392	0	6.91181	0	0	0	6.667914	0	11.542455	8.691856	12.18008	0	0	6.530972	7.023233	12.398662	18.229094	13.201866	23.156362	6.828735	0	0	12.530631	24.835707	20.46175	19.533464	17.744795	5.463256	6.947759	10.191776	0	8.940495	29.638637	0	0	4.249691	0	5.68156	0	0	27.232863	28.924457	15.887097	15.479523	0	15.738069	0	13.522333	0	23.658326	8.296105	22.210557	32.359242	0	0	0	0	0	0	0	0	0	0	0	0	0	0	0	0	0	0	0	0	0	10.448166	9.020989	37.849497	7.035846	6.837678	6.572271	13.321067	26.128572	53.261648	12.985715	10.151254	24.199988	31.168592	67.460564	0	5.585113	0	9.068054	10.114687	18.24259	0	0	11.989354	4.969839	0	0	0	8.355301	8.750464	5.751456	0	5.420485	0	0	0	0	12.945072	20.738141	5.653301	0	0	16.310566	9.373093	11.906752	5.016513	7.75017	0	4.920942	4.823744	0	8.38361	0	0	0	0	0	5.582299	9.191888	26.048397	41.198892	60.739757	32.41	13.057393	10.249188	6.136579	9.155014	5.599863	8.736004	9.487314	15.461026	0	12.38391	8.29302	8.138528	0	5.161515	8.665896	0	8.752795	28.24275	23.075962	76.399552	13.305637	21.916242	20.801363	27.723732	10.348857	6.048882	6.05771	15.857094	12.509114	10.230302	19.331711	6.022938	5.386201	4.937204	0	15.526118	0	0	15.14856	13.83779	0	19.474558	6.007996	5.849491	13.406634
2837.406356	31007.060122	2634.437452	670.735674	189.76015	177.660963	784.838116	484.645414	459.358514	557.50289	546.993693	403.993077	340.706075	25.467712	85.762771	185.964529	757.610439	436.140666	101.62796	415.293212	330.823713	251.020021	257.990177	320.891122	176.562961	136.81347	270.563061	345.893783	318.8864	228.951179	58.219882	278.890586	500.578318	379.128932	34.01875	120.669598	264.122503	56.878713	139.189729	145.778923	215.22312	171.201297	99.193308	290.140298	162.992727	157.022179	311.899046	61.153246	22.987115	17.404541	17.371787	77.956201	211.497048	191.289224	188.334717	146.08238	97.987406	16.988188	21.085936	82.787884	16.797006	17.159418	22.880192	49.374344	22.012023	37.726487	40.139075	49.805396	55.232669	11.768088	31.937401	16.821087	20.704835	10.864321	7.214546	0	12.442533	21.308275	34.790232	12.793843	12.275385	12.375987	8.035607	7.275365	8.863318	89.029734	45.498238	14.486825	13.435968	20.001145	43.930442	25.354821	12.764114	76.091046	63.200367	51.520236	27.132902	8.797384	16.78957	0	33.369792	29.175563	7.207264	0	9.987848	0	10.809016	13.066111	14.16767	132.388826	62.474192	35.254402	35.384628	51.43	50.112537	19.920867	28.304171	35.528668	10.614076	28.637147	34.732154	118.227888	0	0	0	0	0	0	0	0	0	0	0	0	0	0	0	0	0	0	0	0	7.572327	0	18.293202	98.657598	10.378404	16.859679	8.399871	33.732449	193.2577	142.561049	0	83.817415	77.139571	152.530485	183.316161	10.665954	8.503406	0	18.78415	49.568201	22.330898	20.026462	5.745205	20.88862	17.635598	29.722468	8.998445	0	11.033551	44.697392	22.549227	32.873086	6.801448	0	0	9.05338	10.130176	37.971034	72.187043	10.517684	13.291913	35.590038	20.964229	14.092372	13.052741	8.63817	5.280234	8.736004	5.190606	5.576059	9.235658	5.908479	8.877842	8.670231	8.384694	12.991199	25.309792	0	8.77932	166.548892	161.997921	101.935304	69.022578	43.609868	48.550546	28.265059	6.527388	13.691748	9.936417	22.429327	92.281355	16.431969	16.968568	36.26803	0	12.46866	16.386622	12.89798	14.209195	21.628957	18.699641	27.895932	46.532819	19.828524	108.564017	23.429012	95.908086	23.553605	21.282685	8.856728	21.551251	25.130057	54.685493	100.676782	26.203153	0	9.499741	0	16.516947	16.72836	9.564788	30.785816	54.720964	78.79964	42.524618	31.314313	6.02904	13.190532
171.77823	2634.437452	26327.995232	7294.516012	2408.821135	2040.562789	1314.30477	404.256326	176.69661	185.730165	256.04992	773.306438	885.086931	229.563344	516.08662	722.721614	498.794671	531.110034	602.574847	537.171882	276.375587	144.852787	133.759662	67.069039	89.889542	114.179626	121.852926	65.37787	102.824873	255.098177	245.537023	323.922796	192.355827	414.622435	385.342871	222.618601	399.455261	309.635301	377.856974	165.542845	86.721695	173.966058	132.222392	189.163131	138.714051	148.288712	228.187547	234.56767	200.801712	169.673418	161.322757	120.567998	53.79406	118.41748	108.282469	71.767255	100.204932	39.665409	50.39593	94.945486	63.344039	45.33552	86.85161	38.774728	66.761921	33.307466	80.402749	43.398534	95.536646	30.261843	39.091721	40.990136	25.794955	21.203708	21.279211	30.988815	42.36438	25.875783	39.139068	7.534784	32.754981	18.059345	17.972892	0	34.372945	36.061044	49.775699	36.715457	28.359956	50.96267	37.022986	29.876569	20.410733	37.042256	60.727931	39.750144	29.124671	24.382203	7.623359	22.819911	9.601135	25.892505	0	15.231619	7.167178	16.493203	16.498917	24.342241	19.58071	64.269659	83.341538	35.504813	49.992032	50.111744	28.205263	28.728977	28.872384	28.759239	27.431445	18.004631	36.39476	172.166086	0	0	0	0	0	0	0	0	0	0	0	0	0	0	0	0	0	0	0	0	0	9.050874	24.579902	35.163819	21.507878	10.372345	0	25.549665	46.868733	42.928346	26.059028	28.83392	49.345387	18.031303	18.900622	23.03179	9.964566	10.018903	17.33242	24.129646	61.224783	0	13.888157	21.333192	8.354543	22.452201	28.239934	0	7.506605	24.974023	17.94513	6.073935	9.747463	10.389769	9.898724	9.772308	26.357274	14.556403	24.070925	32.121269	20.653381	25.497686	13.855021	26.341107	19.824324	5.347781	11.389038	5.181678	8.750203	8.817041	16.125687	12.6763	0	5.315755	5.542205	12.264731	12.86335	5.762264	10.902307	29.777523	61.06345	29.980094	79.883505	35.933398	35.732521	35.214039	12.598165	10.428944	23.018866	47.001475	13.899036	23.656134	21.269919	0	16.040979	5.729218	22.99838	23.53784	6.467159	9.692886	41.391228	57.565726	61.87961	24.474309	48.118916	107.029736	90.388962	62.571587	73.617355	78.125881	47.148189	17.141399	66.82484	20.786461	25.060949	21.202908	9.71419	5.98314	17.280714	26.067217	25.875053	40.798512	45.19495	92.284468	104.708036	55.545682	30.278387	16.463503
54.865481	670.735674	7294.516012	27588.608629	3765.164259	2475.2519	1859.355998	364.063058	137.030163	67.021871	188.007927	755.26423	1121.62573	161.738618	641.988971	756.311374	296.391197	737.504507	879.231818	621.262291	394.192869	41.886141	95.596356	54.57097	77.446022	47.005125	65.523379	10.728881	95.762189	365.927607	555.44192	325.168455	86.084228	317.542892	505.302611	394.933259	308.14549	573.750028	488.727389	236.473387	71.079867	161.477816	256.198752	193.882375	196.628425	216.87909	241.522707	366.788704	395.06762	195.83929	152.828567	160.295611	60.111886	41.796875	63.085928	73.660215	90.208597	66.120028	89.077873	97.604673	108.89737	95.65603	131.109867	76.942071	93.489905	113.21176	53.429739	86.566075	100.098517	35.702143	51.019019	38.896986	57.075558	30.195847	21.302782	22.18909	59.131715	45.187397	34.304405	7.865791	30.146664	13.327858	23.287566	22.779408	46.775656	38.331842	34.872806	20.644922	8.698838	32.113659	45.879153	25.813009	32.81735	34.228298	51.88158	27.322993	24.078924	13.240799	17.348741	0	42.676902	21.437058	0	20.127294	0	0	12.411198	27.08552	26.429834	50.027642	75.104511	50.032269	59.865083	42.498425	28.660127	58.179225	57.47776	56.99004	27.990935	41.82368	28.57024	162.099623	0	0	0	0	0	0	0	0	0	0	0	0	0	0	0	0	0	0	0	0	6.085212	0	50.989339	34.505889	10.491448	17.047563	20.838523	18.435299	11.500269	34.891671	41.450321	28.337372	25.822979	39.659303	17.891205	29.941501	21.374719	16.564339	49.388689	30.012596	35.03761	19.323534	25.560454	28.79863	15.701144	29.123662	15.899264	15.108174	6.419501	8.438403	8.219276	31.96673	6.448527	20.732033	6.068006	0	9.608234	16.388263	24.55586	23.846447	38.333552	12.015264	14.315867	0	16.255997	5.296996	5.352613	5.19213	5.394474	0	5.876598	19.548473	0	5.438372	8.887014	12.9316	16.563374	9.38526	27.445399	22.185818	15.352261	16.411845	48.718636	60.633312	17.911599	51.32376	32.037205	41.95717	23.650546	27.405356	29.98342	30.984886	30.439511	5.838084	16.121222	13.00908	0	28.528748	19.29501	25.815071	45.856795	36.174188	27.988488	24.046245	93.805811	67.905585	115.761073	37.111875	42.527097	29.817513	33.319871	55.790943	73.517188	44.231769	65.446722	25.866335	24.650224	0	37.428733	18.083406	24.615368	45.11657	41.064494	74.878925	36.536686	72.503551	13.933351	18.316292
45.812121	189.76015	2408.821135	3765.164259	26702.356805	10999.186662	1630.848719	325.568163	75.537842	94.59677	135.330357	633.572407	1475.807466	888.229779	1187.413389	731.316671	146.503841	410.475232	1087.227233	448.658223	236.862171	22.980226	91.759042	47.861788	40.858218	40.284769	46.021232	33.813003	10.596123	203.128874	408.901329	214.648588	43.979542	195.230006	1154.297571	520.828082	96.823198	502.044416	288.413107	125.605148	53.403576	137.108718	168.427605	93.723192	113.281349	107.66213	114.194169	392.764084	493.996043	517.417138	454.814349	151.04495	29.488131	14.331459	9.872649	34.953877	47.21711	133.120345	147.375326	59.195104	79.623037	191.514217	92.63723	77.99291	86.467821	41.045168	51.766683	21.375056	33.888338	131.162335	19.858333	44.764624	27.731688	46.480496	61.754981	66.878045	31.690697	37.130799	40.188998	8.029185	17.032146	12.755885	14.494509	24.822548	25.662321	31.32668	9.193743	20.992387	57.083419	53.070405	10.380833	29.234972	21.374381	20.275847	9.542341	41.656796	39.061919	25.671616	14.329191	15.29084	20.798425	45.358678	25.613655	25.055079	14.356662	20.371231	32.587554	20.804868	41.249452	32.23495	43.755384	42.488086	60.84915	21.28496	57.256536	35.402369	65.892601	57.370606	42.773998	64.903172	13.855228	306.439106	0	0	0	0	0	0	0	0	0	0	0	0	0	0	0	0	0	0	0	0	0	15.575378	0	24.172488	22.3083	10.579686	8.909498	18.643825	0	36.921074	0	63.914006	23.411193	9.044724	10.581752	30.279966	35.135266	36.87992	34.123636	38.779679	41.147305	16.703277	0	0	42.515622	20.774964	21.520769	26.66008	8.547694	21.919793	9.073875	14.1534	32.378644	34.480832	28.858051	32.571305	10.701783	14.998982	10.271834	59.833882	0	14.616996	0	13.713395	6.01932	12.955368	5.854166	5.97623	15.995439	5.629302	12.785854	5.830306	5.767574	5.77137	19.906531	0	9.402128	13.65367	10.754355	0	6.811879	19.714368	16.119207	30.164009	6.505084	27.490439	22.064043	33.058343	25.51429	54.464984	17.875847	19.504497	28.93208	14.081743	6.007649	18.204444	14.098063	29.08827	24.153499	23.69217	17.295992	15.279319	14.727865	14.81973	33.729533	73.624823	68.888335	62.303799	61.851027	54.937927	42.525573	46.833716	41.096024	16.617608	31.77975	25.279943	26.439833	43.959692	20.814829	66.200233	70.728376	44.533103	30.025678	43.381493	23.670626	80.324529	96.777811	6.011445
72.117502	177.660963	2040.562789	2475.2519	10999.186662	29119.620901	4003.722739	514.800615	119.708107	142.153248	168.056705	825.406072	1482.524589	860.710207	1375.118956	682.898363	167.46205	561.454273	1181.231635	285.876204	292.86619	78.153433	67.040067	54.159517	71.940558	65.141385	70.491884	22.414038	16.450319	262.309261	450.597086	185.45673	28.376542	156.781676	1198.775622	473.78159	150.6149	638.934048	399.89299	213.679124	53.588377	145.338116	240.982125	156.720203	104.484364	134.687353	78.632475	443.760763	319.541936	418.986857	325.470153	158.950387	25.271529	0	60.205647	92.044861	67.873397	122.148494	169.068501	95.098669	142.015875	132.436415	136.434892	120.453063	112.558265	71.684411	71.076826	70.172446	70.92072	64.580304	62.276261	86.369718	51.41293	63.396333	64.843927	61.753712	49.833899	55.007546	30.498203	27.410284	22.596986	22.305257	22.415054	31.242413	27.118883	9.703204	33.215364	47.761528	33.364804	37.993656	43.014719	29.824677	22.857613	14.521645	22.55006	29.888175	25.204403	14.854532	20.360559	21.127225	16.014395	21.888796	26.246728	25.364866	47.574947	54.997435	33.823958	39.185212	22.953729	25.210514	42.813007	96.519738	45.527004	35.518786	81.735834	82.359354	76.01045	42.618337	50.360927	42.581309	49.977911	253.605418	0	0	0	0	0	0	0	0	0	0	0	0	0	0	0	0	0	0	0	0	0	10.307139	22.777743	25.230562	24.066825	17.409936	10.06613	33.840034	14.903974	30.354881	29.778431	34.929946	16.989116	21.662364	16.521126	19.066067	11.149943	24.126723	15.763224	32.781932	23.067506	11.062796	24.099583	43.537809	29.954219	10.09322	45.566761	26.619026	10.01774	15.442095	19.595033	21.99458	32.805397	49.024596	36.461306	32.38468	16.345913	21.211474	6.40552	33.256045	12.970422	7.270272	10.382434	13.7804	13.318018	9.530915	9.214951	5.63709	12.806343	0	5.809356	5.920082	5.953801	9.478496	9.511368	16.845723	9.537653	21.791292	10.258793	26.770795	7.517387	27.421249	41.970408	49.781967	14.34121	34.44312	29.268724	22.667554	37.535919	65.57696	10.523663	55.69745	7.949289	6.427137	13.936683	22.545544	6.472418	16.216139	12.211584	30.854159	16.06307	39.200308	55.576722	9.403512	51.213821	80.069735	68.996482	56.603948	36.849874	67.760241	68.189714	46.939741	39.829787	7.321935	76.211228	59.437297	31.990412	63.178156	39.108144	40.981115	117.14418	52.33865	42.461932	95.273453	61.1763	99.386305	51.97348	20.439119
91.267562	784.838116	1314.30477	1859.355998	1630.848719	4003.722739	46118.339354	11598.001492	1214.285322	756.971378	983.10395	1719.871321	1370.949675	83.813944	493.445992	1133.581074	783.347315	846.600213	654.673448	668.263885	507.72628	242.550671	170.651765	223.228994	196.375951	184.170645	204.438314	222.706723	371.069644	335.360001	401.738065	560.046332	470.236964	538.971591	353.583873	308.994742	486.796486	390.515213	415.311198	310.732971	273.017318	277.701654	282.251941	328.090984	346.047354	295.175903	370.197614	349.259797	209.831658	114.551138	97.246395	174.458043	223.492452	196.261788	196.759155	180.643199	118.342255	70.266341	62.000823	135.339792	64.884126	47.184567	62.044702	103.807895	110.489259	131.492869	88.908862	135.303271	103.054471	34.922358	64.850187	41.826513	35.636851	0	21.814398	18.467981	47.515392	45.179027	104.00288	40.122052	21.265721	7.880585	12.439567	16.836368	34.63329	97.671948	61.113973	50.92201	42.035461	44.252234	45.106614	43.620895	77.546259	64.535402	90.609295	50.678022	23.929317	26.576308	30.751378	14.823022	55.131663	49.870301	14.351469	11.763481	13.767892	8.291353	17.321038	20.361402	15.608608	145.127142	116.500166	77.61205	62.230457	102.477795	69.1449	36.624789	67.609454	45.686151	35.471636	79.010042	36.161986	109.78377	0	0	0	0	0	0	0	0	0	0	0	0	0	0	0	0	0	0	0	0	0	14.006783	58.55999	82.937227	11.780018	25.505346	16.572741	12.409805	60.722501	120.924949	35.505611	52.939333	68.265387	114.021238	112.999369	28.096708	24.400893	30.142853	42.259324	35.595869	40.18826	25.582613	45.044727	11.338014	10.246914	49.3364	11.180219	42.725836	32.48205	29.84243	29.575045	37.690446	17.637715	10.784007	27.893106	14.250272	29.442331	41.001543	67.401076	28.459815	48.603274	54.747488	50.661065	22.564322	25.339909	9.497643	16.3658	5.802754	16.457405	13.127003	37.571204	18.020135	9.381679	0	12.609008	10.248187	38.141113	21.741597	54.943388	135.87909	70.425202	129.495836	77.128693	96.688323	80.852881	36.316768	28.37962	24.001354	37.598611	48.248977	43.07385	22.06153	67.278758	21.666881	13.091444	32.891331	28.517421	29.259303	49.493059	13.398216	61.204723	46.556331	107.830214	55.035346	90.16274	95.572199	109.852324	103.136136	89.849022	76.660151	60.890553	35.093759	141.457834	161.446314	75.027011	19.719951	33.278707	13.105149	56.881792	18.38477	12.43998	66.785343	127.705451	181.481045	168.907832	111.478353	10.596082	21.701662
135.320903	484.645414	404.256326	364.063058	325.568163	514.800615	11598.001492	57784.906392	4925.214801	1538.449472	1157.189406	1314.496753	543.686928	89.571437	231.875773	448.593321	538.060255	383.619551	277.206827	294.822157	433.835114	246.592083	345.580911	276.414147	155.743288	226.645996	253.278984	209.472551	296.002918	222.97494	266.028065	239.755037	373.59528	327.571185	128.039454	149.253936	183.046933	107.701556	149.694736	209.386662	208.65834	279.017746	196.006947	173.562958	240.28968	207.18431	238.950873	116.748345	68.497724	65.834135	31.546574	58.807576	191.422522	215.132169	209.174401	170.325045	83.050551	40.889607	58.525949	71.611526	41.612947	45.354971	23.001257	73.20433	118.725233	47.739883	63.588758	71.083195	46.513403	21.313771	30.810501	31.330344	0	0	12.554493	12.923662	8.469826	13.660349	50.236722	7.916304	7.917746	12.386869	21.680893	12.35167	47.329834	55.978742	50.109066	29.225396	37.851694	9.610268	16.991729	17.102153	38.381246	71.50802	77.908367	55.869452	18.346212	13.853067	31.16338	31.222896	17.099732	36.45181	35.612967	7.691079	13.078664	7.804697	17.874212	0	20.883658	83.226859	74.161513	33.858972	46.482032	61.03572	36.997679	37.008915	28.186981	50.467206	35.742596	13.965247	42.548239	61.905266	0	0	0	0	0	0	0	0	0	0	0	0	0	0	0	0	0	0	0	0	0	8.665323	25.473513	68.371311	0	18.613605	9.965081	12.106778	95.65155	44.134634	21.778421	75.692894	121.161283	71.449438	90.520052	19.504132	11.13548	18.524732	17.484581	30.537414	24.149113	9.945181	28.496672	23.883501	10.739918	36.690632	0	47.274051	20.525149	35.325013	34.463194	23.523555	16.615484	11.196662	10.825845	10.074626	12.211751	31.30196	45.779844	46.632529	33.789199	73.090115	95.852705	20.941188	45.119431	0	12.552177	9.190664	5.856222	16.215561	6.040283	5.834635	5.757901	9.083039	27.584944	13.428851	20.763837	37.50441	80.903225	135.713752	200.980094	103.420317	162.29916	115.701398	48.402979	16.594125	10.116413	8.977394	22.619313	45.207385	54.667572	41.105774	16.738868	36.797031	23.600619	13.332677	21.996732	17.448713	12.701209	24.00688	49.957353	58.474146	73.336996	59.776299	42.998758	56.312309	56.799927	89.794477	76.521971	81.665504	73.557981	27.519571	42.52681	61.058959	58.975979	19.548366	16.708199	6.022475	53.301352	41.068209	6.528523	32.794822	129.76087	149.072142	109.082086	31.972761	9.728438	5.835472
83.539068	459.358514	176.69661	137.030163	75.537842	119.708107	1214.285322	4925.214801	56648.122952	7978.994274	1319.199871	582.297389	224.812625	23.394782	100.000479	250.682929	670.29055	223.596904	76.223718	286.463459	252.64402	328.286846	186.493017	340.977777	197.36189	314.574297	280.329766	362.266106	354.716738	94.641804	23.309325	186.3332	371.326222	213.823175	28.99921	99.464171	83.425711	33.110246	110.811909	77.938585	224.826319	231.242165	123.970114	207.292936	220.140678	192.574029	208.401441	47.61392	8.64218	24.004154	14.001763	65.700953	184.980987	257.32995	270.65001	115.547799	107.614247	12.901788	17.271214	66.508917	12.658629	8.132238	8.851032	29.061621	46.574769	53.95279	36.483881	53.235459	39.529814	0	17.758867	16.225531	23.602194	6.65903	7.912173	8.062682	26.583976	21.743409	26.189564	16.819707	7.777178	16.803609	21.306617	7.511125	17.731037	81.497753	27.904573	30.942202	30.298033	28.707802	24.567571	0	64.543357	83.479746	110.412782	67.786331	8.195895	19.088926	38.619572	0	20.749959	49.067803	12.969745	0	16.358422	8.092699	0	13.10777	0	53.400782	91.169057	13.083325	47.440329	22.346878	84.829992	20.905814	20.923135	22.003511	28.300342	23.23103	42.68983	60.618411	0	0	0	0	0	0	0	0	0	0	0	0	0	0	0	0	0	0	0	0	0	0	27.074127	82.695938	0	18.438101	15.20936	19.551703	149.529954	90.509431	25.937794	37.584781	82.494071	119.73057	112.663157	12.47098	10.719951	10.922781	37.024306	51.24279	51.728249	7.908958	7.773737	0	9.965962	57.889818	17.403243	23.321165	20.626572	54.569306	23.929745	45.45901	11.439868	10.639856	0	15.361189	35.480209	10.158135	30.090946	21.731137	22.860543	99.378837	60.155419	39.394226	18.574919	16.472731	12.119774	12.176502	12.493678	9.218748	10.028527	17.531768	5.97607	0	20.112977	17.742378	41.297826	21.756269	73.618447	188.462086	77.433337	162.352378	70.758668	90.437361	63.517579	23.873159	8.538865	33.955674	21.357995	35.188633	96.094361	21.710891	20.296935	24.728068	23.731962	9.528446	9.986995	17.672922	12.088923	42.601189	33.326726	57.968636	42.638011	47.299384	77.027643	81.743745	55.685252	30.703133	42.77677	42.55564	40.585904	21.340661	69.294567	89.791191	36.222595	9.536622	5.572199	12.953682	17.398534	0	14.275142	35.891174	79.835595	100.493144	69.578607	8.393593	5.866716	5.853447
145.466447	557.50289	185.730165	67.021871	94.59677	142.153248	756.971378	1538.449472	7978.994274	64818.252331	7578.426071	890.643615	323.098017	97.067799	137.251477	228.176767	680.800189	286.187051	98.189358	284.842466	341.851346	423.976802	382.311436	285.890692	344.015182	266.992375	487.460842	523.125523	381.855172	103.29484	60.882467	262.330224	407.19526	229.271807	47.212811	75.406999	158.5989	52.371499	110.827491	149.18049	280.131492	206.609186	137.078533	193.68027	217.44776	165.946518	146.234233	64.084416	27.885185	0	0	32.788447	190.407975	333.147754	276.549606	118.868743	77.185369	21.805681	12.836795	43.903589	12.762454	17.211453	39.507182	24.957745	31.807792	34.619392	31.465838	52.653061	46.440468	0	0	7.093729	0	10.472811	18.196815	12.372112	7.92227	7.931501	42.06788	25.73415	11.508386	7.599665	12.347334	7.568547	17.275221	81.303413	38.359521	41.743905	18.804801	22.437884	17.351393	0	38.445298	71.021968	130.223245	75.254515	8.114058	13.531808	12.964601	0	20.36615	50.989256	7.685115	0	0	7.555777	12.291723	0	9.189815	80.256025	98.289012	27.00041	34.073517	40.599383	91.304561	35.59655	0	50.983905	13.51671	10.804847	35.783627	89.219463	0	0	0	0	0	0	0	0	0	0	0	0	0	0	0	0	0	0	0	0	0	7.348514	50.371732	120.357567	10.844248	38.664449	0	26.655295	96.603927	97.614882	0	68.445395	89.733067	103.618723	178.311064	12.49706	16.813624	0	37.281444	37.260419	11.255407	11.837591	10.768119	22.452641	0	12.628151	11.144274	10.540877	13.232546	27.817109	29.77067	30.77202	10.976008	10.450286	0	10.953708	21.946107	38.107511	29.83758	9.296837	10.362899	98.690041	103.109535	16.756254	16.651444	9.065961	9.204701	8.996251	0	9.488337	17.255802	16.661983	5.749711	9.134668	12.89264	6.017966	30.052696	21.921528	73.196539	155.63593	253.600873	227.568791	90.449084	90.417007	95.526784	23.857247	17.099283	15.287327	21.279755	46.027627	95.059923	19.689276	24.035014	30.583243	16.396355	15.907581	13.123085	45.140004	12.354072	10.630094	21.814153	35.449937	73.610355	47.384069	63.659462	80.583303	68.197558	48.962056	23.33095	42.002946	14.682651	12.618751	30.153064	121.839465	35.529421	9.424993	12.910593	5.892701	24.335526	9.854612	6.047067	26.261592	63.866397	80.568709	126.210541	18.053388	5.849919	0
87.891671	546.993693	256.04992	188.007927	135.330357	168.056705	983.10395	1157.189406	1319.199871	7578.426071	51321.862885	7035.647217	735.99162	83.663052	186.679542	480.901285	757.436493	501.228163	169.543477	420.422561	343.956364	335.189239	360.967942	339.679575	179.844967	170.762216	372.089717	405.995314	434.527773	230.299568	101.80502	321.912742	474.324709	333.527606	35.621911	107.238538	290.101973	124.439252	129.596387	200.269945	299.767278	237.736825	117.392328	264.775394	247.222014	161.149086	227.486431	144.567619	55.251582	42.731305	47.066381	83.046869	170.107926	278.358666	303.983002	187.309335	48.582101	37.372553	17.237418	106.364781	26.317194	27.176159	18.756733	26.172399	49.167645	65.069443	24.17952	76.182875	50.525545	6.88307	22.69356	15.997308	15.223236	6.541115	11.256595	16.115501	12.587106	17.261075	41.196156	21.285423	16.577315	7.5068	16.82876	0	17.786151	94.141484	27.50444	52.174716	0	28.93326	35.336679	39.347491	64.834123	71.078864	103.946913	27.812118	12.603216	29.001223	28.005534	13.408311	42.50285	46.445605	8.058782	0	7.357761	12.052202	0	0	20.309654	67.446179	91.537127	27.026662	47.766578	19.919039	34.106287	20.905506	13.791794	13.632799	28.836691	19.285675	71.989841	65.075379	0	0	0	0	0	0	0	0	0	0	0	0	0	0	0	0	0	0	0	0	0	7.237411	44.044653	82.294674	18.341686	11.540571	15.556212	33.557207	74.80865	90.596577	26.816256	68.442491	141.963031	89.060432	120.357371	19.39835	0	30.499953	13.630051	0	26.156442	0	11.97821	28.991026	0	70.614116	0	29.411463	31.89811	10.361003	10.364433	49.966174	30.436395	0	26.023964	0	60.366152	62.192245	56.049555	19.426732	22.234927	79.83546	79.445651	10.795077	21.779742	0	5.405789	5.592142	0	16.433291	23.818285	23.208904	9.091053	5.75115	9.432703	25.717222	34.334178	17.458738	34.496443	214.457951	181.970902	142.810209	96.992996	83.815125	36.36492	17.387565	12.27928	15.192799	13.822539	52.081589	48.966022	23.827969	34.75263	16.39433	5.744581	19.94452	27.472144	9.76095	15.356043	28.657061	53.868415	86.520937	54.944841	46.374878	69.7479	48.747954	42.621263	49.181963	29.832003	42.51046	32.378264	12.636129	62.319467	75.764574	53.479632	9.655103	9.257225	16.20386	16.574147	6.045062	13.917259	29.805249	51.411257	110.957983	119.120141	28.275693	9.442633	9.125663
64.583332	403.993077	773.306438	755.26423	633.572407	825.406072	1719.871321	1314.496753	582.297389	890.643615	7035.647217	49343.169578	5677.628795	308.930613	970.747848	1277.749132	1149.742311	1092.63832	784.989087	1021.840703	620.660417	238.189919	295.600935	211.242951	172.689982	233.507902	218.930129	279.542221	298.02228	368.020999	466.535591	482.477555	409.770266	435.691717	370.089572	445.302832	414.798376	486.288664	460.374998	300.288695	161.444885	275.788824	279.852565	304.908754	361.540481	280.205865	362.053314	437.797736	324.053083	88.759096	79.201543	142.179228	168.074462	183.325762	290.172207	204.502735	94.959204	88.973534	62.139935	114.411015	67.276098	85.131674	117.822754	100.375126	99.640947	88.310844	49.782274	125.132079	105.613791	29.107603	70.983092	30.798733	37.841487	18.760246	16.165559	16.885208	52.564744	33.092596	93.528252	39.131203	16.713082	21.216135	34.742859	0	46.753125	64.809802	36.679044	24.00022	21.69325	22.792107	55.159451	28.059251	44.7463	64.546225	90.919928	45.367139	23.182764	23.785694	38.367082	13.414478	37.468524	33.912776	17.48174	26.06432	13.113776	0	8.012975	25.267348	20.966154	140.255705	98.139847	53.612223	60.551497	73.936937	102.722788	56.749667	13.610735	67.87772	71.61908	19.046683	71.629153	131.492545	0	0	0	0	0	0	0	0	0	0	0	0	0	0	0	0	0	0	0	0	0	0	50.523512	107.281141	12.492761	26.803726	9.077045	56.566	90.347673	112.540629	66.129202	52.835049	44.740329	126.651565	104.674344	27.673362	11.112262	67.562131	44.880703	29.52648	47.171057	21.601712	20.10867	35.791154	28.544928	62.589321	23.934825	35.684293	25.281756	29.636596	47.858342	43.280524	17.508675	29.075915	20.665441	25.60379	54.178778	30.199087	69.283007	37.916944	42.269883	29.544932	33.848025	23.893372	21.138797	5.684069	12.325986	26.526935	0	5.833846	5.977006	6.037263	16.27221	5.66079	12.840826	6.235091	13.985301	17.327584	52.059183	142.366773	116.617648	129.598437	51.119393	103.464411	36.417968	42.434984	20.015911	34.271828	43.029439	64.560229	73.745477	18.658632	29.095927	30.893217	19.970214	20.720321	31.564969	13.695473	56.602808	33.718131	46.468091	38.321884	36.014614	40.143925	89.528375	86.874321	127.768638	62.325984	55.11648	67.447835	50.943328	47.938437	75.342979	80.921834	60.844211	21.177167	26.973755	5.976535	20.588879	38.628142	13.817562	36.710463	70.340894	112.000246	86.173821	51.012721	21.477552	13.01198
74.469475	340.706075	885.086931	1121.62573	1475.807466	1482.524589	1370.949675	543.686928	224.812625	323.098017	735.99162	5677.628795	44412.212007	1549.710368	3012.739478	3178.367444	962.065376	1418.972508	883.250081	926.15322	581.701116	233.637371	161.140528	194.766408	115.601303	115.608165	89.689108	97.340915	294.255378	457.819221	441.07097	572.207248	208.903588	584.300244	534.639775	530.466933	618.293956	504.905627	563.898626	338.959018	207.613792	257.182048	259.082892	321.272308	243.839632	244.70359	338.954666	469.11561	288.842899	300.748249	249.366906	223.774134	147.125971	94.969151	193.621938	157.686115	123.239074	139.756768	127.29808	283.002332	128.770441	115.479046	129.31051	162.872906	127.428464	154.647959	65.473648	154.757002	221.74775	33.217267	76.579475	113.868233	92.126397	21.371262	77.846041	83.17702	90.418163	58.92805	107.405134	17.250161	31.069285	40.478266	30.988491	21.617893	13.46695	44.662206	74.477371	66.188701	32.488883	66.65415	97.321725	77.18394	57.925122	44.884213	84.339435	36.649196	48.723605	14.668014	34.283869	35.065477	71.494443	94.337279	18.63721	28.700976	24.802162	13.489473	19.465713	21.719516	36.592144	60.127101	65.826226	60.562174	66.357634	73.17765	81.568323	47.923741	54.54816	69.905449	90.146899	64.368499	58.90194	159.199419	0	0	0	0	0	0	0	0	0	0	0	0	0	0	0	0	0	0	0	0	6.713194	8.371257	67.811764	115.596099	0	57.422535	10.204631	42.691309	91.355931	37.521939	22.028027	60.191085	60.436142	29.712833	37.536979	43.861557	25.934797	19.575024	67.961123	68.120397	42.478506	29.714186	37.329883	17.863398	11.114568	55.169831	24.070629	36.161596	9.857714	42.575018	48.326578	56.079512	24.345706	17.452804	22.690677	21.077376	48.984516	45.936802	67.253971	38.399769	26.919544	40.956529	36.340484	20.956145	18.093249	19.957666	18.94857	9.004037	12.591365	23.98973	25.614526	13.195846	33.943356	0	13.102983	24.923226	14.382774	10.229264	65.229398	69.138118	30.614747	83.285396	63.558681	76.62596	61.60558	36.192256	53.502101	48.739647	28.445628	48.11187	36.299891	69.601188	34.957518	18.003159	13.243346	17.769301	37.891467	28.372491	47.355454	48.268983	39.5116	45.537566	54.952265	85.986845	69.680286	100.68154	69.466173	95.82852	127.713549	81.66733	55.502867	61.011726	76.49529	126.481448	98.489873	24.734955	13.802277	25.609873	64.140793	39.320589	17.519274	88.082857	92.037251	81.208961	93.113349	104.329741	29.470696	13.401745
0	25.467712	229.563344	161.738618	888.229779	860.710207	83.813944	89.571437	23.394782	97.067799	83.663052	308.930613	1549.710368	4355.04128	3551.488302	1055.212274	75.766282	284.752919	617.294415	144.908437	129.427779	47.886878	34.529498	15.452305	25.865775	20.178477	30.483304	24.104503	9.579276	90.649954	139.245195	65.305125	15.477124	59.164336	432.56628	145.855837	28.131688	171.982356	125.293679	51.604189	10.381249	43.628304	44.516263	28.372176	18.641325	37.749479	32.805091	90.377714	110.733772	88.789494	137.8113	8.978147	13.792344	8.896206	13.910036	14.002199	0	57.015692	37.886735	26.423025	40.098672	46.415345	41.19974	26.363271	17.324306	21.789595	0	12.582975	12.028683	11.060014	20.543343	29.279676	14.585074	18.539577	18.88716	24.244263	15.772108	15.187078	15.39923	0	7.375345	0	7.747047	7.444989	7.709944	16.589183	7.555569	12.287304	21.232316	7.74285	7.914747	13.6893	0	0	0	8.655599	0	0	0	22.134631	0	11.929222	16.949022	0	6.388531	0	21.022457	7.728331	0	8.418824	8.801422	21.600351	41.496018	21.647631	0	17.361101	15.589751	0	26.303162	9.836156	10.168689	50.105559	0	0	0	0	0	0	0	0	0	0	0	0	0	0	0	0	0	0	0	0	0	0	0	0	14.183495	8.472135	7.090208	8.488734	0	0	0	10.767595	14.436961	0	0	9.181354	0	0	8.480314	8.393953	9.473504	0	8.408617	0	7.55035	0	6.703922	9.724407	5.613477	13.30605	9.428541	0	0	12.920655	10.70264	6.620311	0	0	0	0	0	0	0	5.315312	8.649322	7.960192	0	7.380795	7.89797	5.225418	0	5.387103	5.005883	0	5.032537	5.259635	0	0	0	13.57453	6.27889	10.600698	16.282343	0	5.860172	0	10.190377	0	6.053934	5.834828	0	0	12.557461	5.393158	5.084454	0	5.487828	0	5.747286	0	0	5.89144	5.995822	9.587706	10.36646	19.565883	0	7.185393	12.612089	14.28194	0	16.636955	19.363637	0	9.507755	16.398593	5.397135	15.388893	12.145836	9.181935	13.095885	5.949388	13.66481	6.550107	10.107886	9.284268	19.470885	0
30.577534	85.762771	516.08662	641.988971	1187.413389	1375.118956	493.445992	231.875773	100.000479	137.251477	186.679542	970.747848	3012.739478	3551.488302	31223.340857	11299.507306	479.579026	949.901826	1625.345734	500.388569	429.351978	90.112886	131.466393	97.342075	121.78887	86.498266	41.829138	70.462521	59.099702	387.048339	590.347243	234.397538	78.719748	255.884859	938.754059	498.520456	235.858751	660.104546	547.822879	252.239435	66.085507	193.324374	251.901024	196.344885	150.299419	182.622993	165.521006	455.610278	398.992607	380.511324	344.783544	138.183398	31.415118	26.826921	28.32252	64.470218	89.296191	199.805656	250.849699	137.564945	190.56594	217.950258	153.105511	127.234527	152.235448	116.708794	130.345439	100.067875	118.563139	106.410543	87.976928	86.177146	40.591203	88.666467	106.233098	62.388597	111.173081	68.888629	20.782039	16.977385	54.160009	43.243759	28.621706	59.120196	56.682679	25.637803	23.65786	20.907928	45.250665	38.496553	45.524113	51.160484	90.846825	17.348804	37.291253	70.046185	36.741933	25.449587	36.734386	35.670015	67.377323	47.734582	30.932097	18.408138	28.976737	32.627034	26.237673	47.671619	48.576253	20.746641	61.498905	87.129213	32.785121	20.029733	68.301183	60.85803	54.212857	74.715044	70.034086	67.247922	29.164091	229.476602	0	0	0	0	0	0	0	0	0	0	0	0	0	0	0	0	0	0	0	0	0	0	0	37.817258	27.143464	0	0	13.395901	11.723864	20.456408	37.439184	60.730827	12.692098	24.052462	33.747485	51.434276	41.617768	27.499524	26.212731	40.09878	26.832506	44.088078	45.071326	55.927201	64.706328	11.461503	36.663179	42.119049	28.181271	29.443048	28.776954	29.700846	10.599128	24.404352	30.119135	16.318414	16.577554	24.125346	23.749784	55.505405	45.96021	30.191224	28.937802	0	16.578469	13.234536	19.433547	12.867461	9.437357	5.897387	6.05771	13.61467	13.076105	5.962572	17.266879	18.285506	10.027596	25.874901	34.251153	35.04679	0	30.126213	49.81659	30.083775	33.135968	59.536343	48.154813	51.873724	79.423833	51.831079	37.538841	33.293626	11.82913	13.837737	32.789679	26.144782	37.758171	20.25836	36.898542	25.387042	17.541021	56.050295	46.87367	39.974433	35.670087	36.41036	36.309931	95.71132	76.031922	107.028169	48.266049	79.142595	55.877044	21.44313	89.734345	39.572934	29.144016	46.198741	73.470941	33.489884	57.802024	43.640517	47.503332	107.766081	73.638739	103.694817	41.388097	5.955573
77.518625	185.964529	722.721614	756.311374	731.316671	682.898363	1133.581074	448.593321	250.682929	228.176767	480.901285	1277.749132	3178.367444	1055.212274	11299.507306	55917.011256	5609.682072	2187.766683	1373.534612	1316.374589	688.649889	244.191032	112.786482	191.0185	205.609756	137.214316	220.216061	109.125246	222.122275	588.102801	535.632613	535.26808	298.534422	594.323618	498.438249	518.216225	642.212948	527.681538	512.221777	402.88826	237.067652	339.518343	292.902619	372.667361	280.496567	264.181701	426.999008	492.142049	386.041355	171.299292	193.072296	347.813172	221.85242	134.979764	236.609326	165.063799	258.347686	212.06352	168.398624	296.263579	187.617271	156.034103	217.189004	146.184486	221.611119	172.493599	86.076916	140.709862	168.890185	62.964949	113.104078	49.348522	70.140187	30.523549	57.875308	53.802489	67.254694	72.123161	95.039086	30.829426	16.550851	35.61723	46.607946	7.937314	40.75753	82.912982	63.736814	55.661952	74.645553	63.040134	47.272828	32.003324	62.12843	84.212978	64.526958	71.521573	24.059815	31.792399	45.522038	29.852212	45.111215	62.878955	8.650302	0	28.489664	18.546395	13.472169	44.880008	71.522769	66.974494	130.845669	79.948055	52.762599	59.418809	67.524883	81.608747	88.20374	74.700772	82.639896	41.757709	76.133163	191.657518	0	0	0	0	0	0	0	0	0	0	0	0	0	0	0	0	0	0	0	0	0	8.891022	44.554356	115.59972	13.020496	58.851661	10.739801	37.724215	56.497686	76.083761	21.874955	68.056976	75.716811	45.303348	60.707881	60.150739	47.109031	34.01152	75.873001	43.888398	43.267259	23.534328	31.073706	0	32.506073	44.356236	30.840351	11.315344	40.38587	62.299996	29.866669	37.979539	24.344519	37.285593	54.993453	57.682229	30.139065	76.1292	41.058956	55.674796	41.254103	55.439302	17.321276	39.713304	14.117211	12.956903	9.262264	16.308839	9.044439	12.953438	9.960255	17.409602	16.422109	5.892334	17.321589	27.596447	22.250925	21.804279	90.970506	69.290216	37.11425	83.133863	57.201559	83.261201	48.747166	86.878152	60.988528	68.57717	58.031203	73.010721	99.217457	38.407364	72.137527	20.146035	31.567133	21.466142	41.560385	39.650059	43.016568	27.052279	57.619018	83.416675	105.195651	59.647571	122.019652	75.437567	134.613621	76.279734	82.269438	94.604758	104.327452	54.196867	83.578763	49.443624	117.144329	25.884098	53.832283	6.011854	77.680631	58.513678	57.63002	110.136635	117.631117	95.293809	147.415733	97.111935	6.253649	28.510466
121.093367	757.610439	498.794671	296.391197	146.503841	167.46205	783.347315	538.060255	670.29055	680.800189	757.436493	1149.742311	962.065376	75.766282	479.579026	5609.682072	61991.217074	8515.854397	694.054379	1297.241829	659.818513	1021.753987	420.055763	483.159813	227.879735	455.166676	389.731325	478.121933	738.828213	407.088729	162.804816	514.737399	621.58086	546.552365	91.558636	188.234159	522.495281	152.075048	249.445078	377.329512	463.614595	281.247154	191.569844	353.303966	398.759366	332.893996	372.050683	156.567827	49.635476	28.193354	47.766345	130.231091	360.778553	346.534806	461.58386	294.009142	123.108533	53.34859	23.107147	173.927641	47.793767	35.825686	48.047765	34.363035	88.595112	35.104898	104.132593	96.359031	147.460538	21.642478	53.788371	27.903478	20.790256	15.720305	7.161822	17.218577	18.023626	50.672624	59.057264	20.985454	15.283248	15.290318	25.792711	25.743847	28.994057	117.140177	78.507852	62.627738	58.289776	55.731674	33.612334	37.476575	79.134647	75.153112	142.9395	83.359531	13.597675	30.412077	49.095612	24.119234	71.005512	29.779699	8.533281	12.847911	13.329366	17.265356	27.519439	14.435713	15.87719	142.058377	82.981657	53.512133	67.148855	39.485975	47.269571	48.060605	49.070709	19.902326	27.911074	23.137731	75.008473	92.940004	0	0	0	0	0	0	0	0	0	0	0	0	0	0	0	0	0	0	0	0	0	0	147.199111	305.963686	153.34913	23.006518	130.209368	97.127775	136.702186	145.204144	13.345211	89.975448	103.360453	110.831703	155.659853	43.853523	25.18946	39.953942	60.502135	83.399393	49.785463	10.200676	16.02741	32.331279	11.134205	68.389149	0	23.848883	14.950351	23.815893	36.997484	26.307018	11.44393	34.653537	15.472686	17.254871	79.606502	108.53262	135.851571	53.980702	64.466798	95.427508	164.686106	42.264612	38.30202	5.831418	9.242838	8.793368	0	12.780741	45.835396	32.758665	5.720877	5.673715	23.548405	29.664464	39.031759	10.198312	61.104842	162.393027	168.748579	162.288695	90.513	90.511013	95.800461	36.378954	25.767918	21.971823	16.908314	42.363378	147.288181	20.11206	27.000273	32.752987	23.925729	20.166748	21.59086	10.068268	24.674745	27.005258	88.814256	69.761873	67.992567	129.578508	70.499954	36.581478	128.398741	43.411214	74.10585	17.406126	51.067182	57.235009	300.620892	116.193695	98.486251	25.392748	20.035215	9.027979	30.44851	10.419031	25.652853	65.583717	148.23849	139.005199	114.213192	44.545868	20.418052	0
